10 8
20 16
30 21
40 26
50 31
60 36
70 41
80 46
90 51
100 56
110 61
120 67
130 76
140 84
150 93
160 101
170 107
180 115
190 123
200 129
210 136
220 143
230 148
240 155
250 162
260 169
270 175
280 181
290 184
300 187
310 191
320 196
330 199
340 205
350 212
360 215
370 222
380 227
390 233
400 238
410 241
420 243
430 248
440 254
450 261
460 264
470 269
480 274
490 279
500 280
510 284
520 287
530 292
540 299
550 302
560 305
570 308
580 311
590 316
600 319
610 325
620 331
630 334
640 340
650 345
660 348
670 355
680 359
690 360
700 362
710 366
720 370
730 371
740 376
750 379
760 383
770 386
780 388
790 392
800 397
810 401
820 403
830 407
840 410
850 414
860 417
870 422
880 426
890 428
900 431
910 436
920 439
930 443
940 448
950 452
960 456
970 461
980 468
990 474
1000 476
1010 481
1020 484
1030 486
1040 491
1050 496
1060 499
1070 503
1080 506
1090 513
1100 520
1110 524
1120 529
1130 534
1140 538
1150 540
1160 546
1170 550
1180 552
1190 553
1200 557
1210 559
1220 563
1230 567
1240 570
1250 574
1260 576
1270 582
1280 586
1290 587
1300 590
1310 594
1320 595
1330 597
1340 599
1350 603
1360 605
1370 608
1380 610
1390 612
1400 614
1410 620
1420 623
1430 628
1440 633
1450 636
1460 638
1470 641
1480 643
1490 643
1500 645
1510 649
1520 651
1530 653
1540 658
1550 659
1560 661
1570 664
1580 667
1590 671
1600 673
1610 676
1620 680
1630 684
1640 687
1650 687
1660 687
1670 688
1680 688
1690 688
1700 689
1710 690
1720 692
1730 694
1740 695
1750 696
1760 697
1770 699
1780 701
1790 701
1800 703
1810 706
1820 708
1830 710
1840 711
1850 714
1860 715
1870 716
1880 718
1890 721
1900 724
1910 726
1920 731
1930 734
1940 735
1950 739
1960 744
1970 744
1980 746
1990 747
2000 750
2010 753
2020 755
2030 759
2040 762
2050 764
2060 766
2070 771
2080 773
2090 775
2100 776
2110 778
2120 780
2130 782
2140 783
2150 786
2160 788
2170 793
2180 794
2190 797
2200 799
2210 801
2220 802
2230 802
2240 805
2250 808
2260 809
2270 811
2280 812
2290 812
2300 814
2310 817
2320 818
2330 819
2340 821
2350 823
2360 826
2370 827
2380 829
2390 830
2400 833
2410 833
2420 833
2430 837
2440 838
2450 842
2460 843
2470 845
2480 845
2490 851
2500 852
2510 855
2520 856
2530 860
2540 860
2550 860
2560 861
2570 862
2580 862
2590 865
2600 869
2610 870
2620 872
2630 875
2640 880
2650 883
2660 886
2670 892
2680 896
2690 899
2700 902
2710 903
2720 905
2730 907
2740 909
2750 910
2760 914
2770 915
2780 919
2790 921
2800 924
2810 927
2820 927
2830 928
2840 932
2850 932
2860 935
2870 936
2880 937
2890 940
2900 942
2910 943
2920 947
2930 950
2940 952
2950 955
2960 958
2970 961
2980 962
2990 963
3000 966
3010 968
3020 971
3030 974
3040 974
3050 976
3060 976
3070 978
3080 980
3090 982
3100 984
3110 988
3120 989
3130 993
3140 994
3150 996
3160 998
3170 1000
3180 1003
3190 1004
3200 1006
3210 1008
3220 1009
3230 1010
3240 1013
3250 1016
3260 1019
3270 1023
3280 1027
3290 1029
3300 1032
3310 1035
3320 1035
3330 1037
3340 1039
3350 1043
3360 1044
3370 1046
3380 1048
3390 1050
3400 1052
3410 1053
3420 1055
3430 1057
3440 1057
3450 1059
3460 1060
3470 1065
3480 1067
3490 1071
3500 1073
3510 1075
3520 1079
3530 1081
3540 1083
3550 1088
3560 1090
3570 1092
3580 1094
3590 1097
3600 1102
3610 1105
3620 1106
3630 1110
3640 1110
3650 1112
3660 1112
3670 1112
3680 1112
3690 1114
3700 1117
3710 1119
3720 1120
3730 1121
3740 1122
3750 1123
3760 1124
3770 1127
3780 1128
3790 1130
3800 1131
3810 1134
3820 1137
3830 1138
3840 1139
3850 1141
3860 1143
3870 1144
3880 1144
3890 1145
3900 1146
3910 1148
3920 1149
3930 1150
3940 1150
3950 1153
3960 1155
3970 1157
3980 1159
3990 1161
4000 1165
4010 1166
4020 1168
4030 1171
4040 1173
4050 1173
4060 1174
4070 1178
4080 1179
4090 1180
4100 1183
4110 1186
4120 1192
4130 1196
4140 1196
4150 1196
4160 1200
4170 1201
4180 1201
4190 1201
4200 1202
4210 1204
4220 1208
4230 1210
4240 1213
4250 1216
4260 1217
4270 1218
4280 1221
4290 1223
4300 1226
4310 1228
4320 1231
4330 1233
4340 1235
4350 1235
4360 1237
4370 1239
4380 1241
4390 1241
4400 1243
4410 1245
4420 1246
4430 1247
4440 1247
4450 1247
4460 1249
4470 1250
4480 1251
4490 1251
4500 1253
4510 1254
4520 1255
4530 1258
4540 1258
4550 1262
4560 1264
4570 1265
4580 1265
4590 1266
4600 1268
4610 1269
4620 1272
4630 1276
4640 1278
4650 1279
4660 1280
4670 1282
4680 1283
4690 1283
4700 1285
4710 1287
4720 1289
4730 1290
4740 1291
4750 1294
4760 1294
4770 1295
4780 1298
4790 1300
4800 1304
4810 1307
4820 1312
4830 1314
4840 1317
4850 1319
4860 1320
4870 1320
4880 1322
4890 1324
4900 1325
4910 1326
4920 1328
4930 1332
4940 1335
4950 1337
4960 1338
4970 1340
4980 1341
4990 1344
5000 1345
5010 1348
5020 1351
5030 1351
5040 1351
5050 1353
5060 1355
5070 1356
5080 1357
5090 1358
5100 1359
5110 1361
5120 1363
5130 1365
5140 1366
5150 1367
5160 1368
5170 1368
5180 1369
5190 1372
5200 1373
5210 1375
5220 1375
5230 1375
5240 1376
5250 1378
5260 1378
5270 1378
5280 1379
5290 1382
5300 1383
5310 1383
5320 1387
5330 1388
5340 1389
5350 1391
5360 1392
5370 1397
5380 1400
5390 1403
5400 1404
5410 1405
5420 1407
5430 1410
5440 1411
5450 1414
5460 1414
5470 1414
5480 1416
5490 1416
5500 1417
5510 1420
5520 1420
5530 1420
5540 1423
5550 1425
5560 1426
5570 1428
5580 1430
5590 1431
5600 1433
5610 1434
5620 1434
5630 1435
5640 1437
5650 1440
5660 1441
5670 1443
5680 1445
5690 1446
5700 1446
5710 1447
5720 1451
5730 1452
5740 1453
5750 1454
5760 1455
5770 1455
5780 1456
5790 1459
5800 1463
5810 1465
5820 1465
5830 1469
5840 1470
5850 1471
5860 1474
5870 1476
5880 1478
5890 1482
5900 1489
5910 1490
5920 1496
5930 1501
5940 1505
5950 1511
5960 1513
5970 1515
5980 1516
5990 1519
6000 1520
6010 1522
6020 1522
6030 1524
6040 1527
6050 1527
6060 1528
6070 1531
6080 1533
6090 1533
6100 1535
6110 1535
6120 1537
6130 1538
6140 1540
6150 1541
6160 1542
6170 1543
6180 1544
6190 1545
6200 1548
6210 1549
6220 1549
6230 1551
6240 1553
6250 1554
6260 1554
6270 1555
6280 1557
6290 1559
6300 1561
6310 1562
6320 1564
6330 1564
6340 1565
6350 1565
6360 1568
6370 1568
6380 1569
6390 1571
6400 1572
6410 1573
6420 1574
6430 1578
6440 1581
6450 1582
6460 1583
6470 1585
6480 1585
6490 1587
6500 1587
6510 1588
6520 1589
6530 1591
6540 1591
6550 1593
6560 1594
6570 1597
6580 1599
6590 1600
6600 1601
6610 1601
6620 1604
6630 1607
6640 1609
6650 1609
6660 1611
6670 1611
6680 1611
6690 1614
6700 1615
6710 1615
6720 1615
6730 1617
6740 1619
6750 1620
6760 1621
6770 1621
6780 1622
6790 1625
6800 1627
6810 1629
6820 1632
6830 1633
6840 1634
6850 1637
6860 1639
6870 1641
6880 1642
6890 1642
6900 1642
6910 1645
6920 1649
6930 1652
6940 1654
6950 1654
6960 1656
6970 1658
6980 1660
6990 1660
7000 1662
7010 1663
7020 1663
7030 1666
7040 1667
7050 1669
7060 1669
7070 1669
7080 1671
7090 1671
7100 1671
7110 1673
7120 1673
7130 1676
7140 1677
7150 1677
7160 1678
7170 1679
7180 1681
7190 1684
7200 1687
7210 1689
7220 1689
7230 1690
7240 1690
7250 1691
7260 1691
7270 1695
7280 1696
7290 1696
7300 1696
7310 1700
7320 1700
7330 1700
7340 1703
7350 1705
7360 1706
7370 1709
7380 1711
7390 1716
7400 1718
7410 1721
7420 1722
7430 1725
7440 1726
7450 1727
7460 1728
7470 1729
7480 1730
7490 1732
7500 1733
7510 1734
7520 1736
7530 1738
7540 1741
7550 1742
7560 1744
7570 1745
7580 1747
7590 1748
7600 1748
7610 1751
7620 1753
7630 1756
7640 1758
7650 1759
7660 1760
7670 1761
7680 1763
7690 1764
7700 1764
7710 1764
7720 1764
7730 1764
7740 1765
7750 1766
7760 1767
7770 1769
7780 1772
7790 1773
7800 1773
7810 1775
7820 1778
7830 1779
7840 1782
7850 1782
7860 1782
7870 1786
7880 1788
7890 1789
7900 1789
7910 1791
7920 1794
7930 1795
7940 1797
7950 1799
7960 1799
7970 1800
7980 1800
7990 1802
8000 1803
8010 1804
8020 1804
8030 1804
8040 1805
8050 1807
8060 1808
8070 1810
8080 1812
8090 1812
8100 1814
8110 1816
8120 1816
8130 1816
8140 1818
8150 1820
8160 1824
8170 1828
8180 1831
8190 1833
8200 1835
8210 1839
8220 1841
8230 1841
8240 1842
8250 1843
8260 1846
8270 1846
8280 1847
8290 1849
8300 1849
8310 1849
8320 1850
8330 1852
8340 1854
8350 1854
8360 1856
8370 1857
8380 1859
8390 1860
8400 1861
8410 1862
8420 1866
8430 1866
8440 1868
8450 1869
8460 1869
8470 1869
8480 1869
8490 1871
8500 1873
8510 1873
8520 1876
8530 1877
8540 1878
8550 1879
8560 1880
8570 1882
8580 1884
8590 1884
8600 1887
8610 1889
8620 1890
8630 1891
8640 1897
8650 1897
8660 1902
8670 1906
8680 1907
8690 1908
8700 1910
8710 1912
8720 1915
8730 1920
8740 1921
8750 1921
8760 1922
8770 1924
8780 1925
8790 1928
8800 1930
8810 1931
8820 1935
8830 1935
8840 1936
8850 1939
8860 1943
8870 1944
8880 1946
8890 1947
8900 1949
8910 1950
8920 1951
8930 1951
8940 1952
8950 1953
8960 1955
8970 1957
8980 1960
8990 1961
9000 1963
9010 1963
9020 1965
9030 1967
9040 1967
9050 1969
9060 1970
9070 1970
9080 1972
9090 1975
9100 1977
9110 1978
9120 1979
9130 1982
9140 1982
9150 1983
9160 1985
9170 1987
9180 1989
9190 1990
9200 1990
9210 1994
9220 1996
9230 1998
9240 1998
9250 1999
9260 1999
9270 2001
9280 2001
9290 2003
9300 2005
9310 2008
9320 2010
9330 2010
9340 2012
9350 2013
9360 2016
9370 2018
9380 2021
9390 2021
9400 2021
9410 2022
9420 2022
9430 2023
9440 2023
9450 2024
9460 2025
9470 2025
9480 2027
9490 2027
9500 2028
9510 2028
9520 2028
9530 2029
9540 2030
9550 2030
9560 2035
9570 2037
9580 2038
9590 2038
9600 2040
9610 2040
9620 2041
9630 2043
9640 2046
9650 2047
9660 2052
9670 2055
9680 2056
9690 2058
9700 2058
9710 2059
9720 2060
9730 2062
9740 2063
9750 2063
9760 2065
9770 2065
9780 2065
9790 2067
9800 2070
9810 2071
9820 2073
9830 2076
9840 2079
9850 2082
9860 2083
9870 2083
9880 2085
9890 2086
9900 2088
9910 2090
9920 2091
9930 2092
9940 2092
9950 2093
9960 2094
9970 2096
9980 2097
9990 2098
10000 2099
10010 2100
10020 2102
10030 2103
10040 2106
10050 2107
10060 2110
10070 2110
10080 2110
10090 2111
10100 2112
10110 2114
10120 2115
10130 2116
10140 2119
10150 2120
10160 2121
10170 2121
10180 2122
10190 2123
10200 2124
10210 2126
10220 2127
10230 2128
10240 2130
10250 2131
10260 2134
10270 2134
10280 2134
10290 2135
10300 2135
10310 2136
10320 2137
10330 2137
10340 2137
10350 2139
10360 2139
10370 2140
10380 2140
10390 2142
10400 2142
10410 2143
10420 2143
10430 2145
10440 2146
10450 2147
10460 2148
10470 2149
10480 2152
10490 2155
10500 2155
10510 2156
10520 2157
10530 2159
10540 2160
10550 2160
10560 2162
10570 2163
10580 2164
10590 2165
10600 2166
10610 2167
10620 2167
10630 2169
10640 2170
10650 2170
10660 2171
10670 2172
10680 2173
10690 2175
10700 2180
10710 2181
10720 2181
10730 2182
10740 2183
10750 2183
10760 2185
10770 2186
10780 2188
10790 2188
10800 2190
10810 2191
10820 2191
10830 2192
10840 2193
10850 2194
10860 2197
10870 2198
10880 2198
10890 2198
10900 2200
10910 2200
10920 2205
10930 2208
10940 2208
10950 2210
10960 2214
10970 2215
10980 2216
10990 2216
11000 2218
11010 2218
11020 2219
11030 2220
11040 2222
11050 2223
11060 2225
11070 2225
11080 2226
11090 2227
11100 2230
11110 2231
11120 2234
11130 2236
11140 2240
11150 2240
11160 2241
11170 2242
11180 2243
11190 2244
11200 2245
11210 2245
11220 2245
11230 2247
11240 2248
11250 2250
11260 2251
11270 2252
11280 2254
11290 2254
11300 2254
11310 2257
11320 2258
11330 2262
11340 2264
11350 2266
11360 2267
11370 2267
11380 2267
11390 2269
11400 2270
11410 2272
11420 2272
11430 2274
11440 2274
11450 2275
11460 2276
11470 2277
11480 2277
11490 2278
11500 2278
11510 2278
11520 2278
11530 2279
11540 2279
11550 2281
11560 2282
11570 2283
11580 2284
11590 2284
11600 2284
11610 2284
11620 2284
11630 2285
11640 2285
11650 2286
11660 2286
11670 2286
11680 2286
11690 2286
11700 2287
11710 2288
11720 2288
11730 2290
11740 2290
11750 2291
11760 2292
11770 2292
11780 2292
11790 2292
11800 2292
11810 2293
11820 2294
11830 2294
11840 2295
11850 2296
11860 2298
11870 2299
11880 2300
11890 2301
11900 2302
11910 2303
11920 2304
11930 2305
11940 2306
11950 2307
11960 2308
11970 2311
11980 2311
11990 2314
12000 2314
12010 2315
12020 2317
12030 2317
12040 2318
12050 2319
12060 2319
12070 2320
12080 2321
12090 2323
12100 2324
12110 2326
12120 2327
12130 2329
12140 2329
12150 2329
12160 2331
12170 2331
12180 2331
12190 2331
12200 2332
12210 2333
12220 2333
12230 2335
12240 2336
12250 2336
12260 2336
12270 2338
12280 2339
12290 2340
12300 2341
12310 2342
12320 2343
12330 2346
12340 2348
12350 2349
12360 2349
12370 2350
12380 2350
12390 2351
12400 2351
12410 2351
12420 2352
12430 2352
12440 2353
12450 2353
12460 2355
12470 2355
12480 2356
12490 2358
12500 2358
12510 2359
12520 2361
12530 2362
12540 2363
12550 2363
12560 2364
12570 2365
12580 2366
12590 2366
12600 2367
12610 2367
12620 2367
12630 2367
12640 2371
12650 2372
12660 2374
12670 2374
12680 2374
12690 2374
12700 2374
12710 2375
12720 2375
12730 2375
12740 2375
12750 2375
12760 2375
12770 2376
12780 2378
12790 2378
12800 2380
12810 2382
12820 2382
12830 2386
12840 2386
12850 2387
12860 2389
12870 2391
12880 2392
12890 2396
12900 2399
12910 2402
12920 2403
12930 2405
12940 2405
12950 2405
12960 2405
12970 2405
12980 2405
12990 2405
13000 2406
13010 2408
13020 2410
13030 2411
13040 2411
13050 2412
13060 2413
13070 2413
13080 2414
13090 2416
13100 2418
13110 2420
13120 2422
13130 2423
13140 2425
13150 2425
13160 2426
13170 2427
13180 2427
13190 2428
13200 2430
13210 2433
13220 2433
13230 2433
13240 2434
13250 2435
13260 2437
13270 2437
13280 2437
13290 2438
13300 2439
13310 2440
13320 2443
13330 2443
13340 2443
13350 2445
13360 2447
13370 2447
13380 2448
13390 2449
13400 2451
13410 2452
13420 2452
13430 2453
13440 2453
13450 2454
13460 2454
13470 2455
13480 2455
13490 2456
13500 2459
13510 2460
13520 2461
13530 2462
13540 2463
13550 2463
13560 2464
13570 2465
13580 2466
13590 2466
13600 2469
13610 2469
13620 2469
13630 2469
13640 2472
13650 2474
13660 2475
13670 2475
13680 2475
13690 2475
13700 2475
13710 2475
13720 2475
13730 2476
13740 2478
13750 2478
13760 2478
13770 2479
13780 2481
13790 2481
13800 2481
13810 2481
13820 2483
13830 2483
13840 2484
13850 2484
13860 2484
13870 2484
13880 2485
13890 2485
13900 2486
13910 2486
13920 2486
13930 2486
13940 2486
13950 2488
13960 2489
13970 2490
13980 2493
13990 2493
14000 2495
14010 2495
14020 2495
14030 2495
14040 2496
14050 2496
14060 2497
14070 2499
14080 2502
14090 2503
14100 2504
14110 2505
14120 2506
14130 2506
14140 2506
14150 2507
14160 2509
14170 2510
14180 2511
14190 2512
14200 2512
14210 2513
14220 2514
14230 2514
14240 2515
14250 2516
14260 2516
14270 2516
14280 2517
14290 2518
14300 2518
14310 2519
14320 2520
14330 2522
14340 2522
14350 2523
14360 2523
14370 2524
14380 2524
14390 2525
14400 2525
14410 2525
14420 2525
14430 2526
14440 2527
14450 2527
14460 2527
14470 2528
14480 2528
14490 2528
14500 2530
14510 2531
14520 2533
14530 2533
14540 2533
14550 2533
14560 2533
14570 2533
14580 2534
14590 2535
14600 2535
14610 2537
14620 2540
14630 2540
14640 2540
14650 2540
14660 2541
14670 2542
14680 2542
14690 2542
14700 2542
14710 2542
14720 2542
14730 2542
14740 2542
14750 2544
14760 2545
14770 2545
14780 2546
14790 2546
14800 2547
14810 2549
14820 2552
14830 2552
14840 2552
14850 2552
14860 2553
14870 2554
14880 2555
14890 2555
14900 2557
14910 2558
14920 2559
14930 2559
14940 2560
14950 2561
14960 2562
14970 2562
14980 2562
14990 2564
15000 2566
15010 2566
15020 2566
15030 2567
15040 2568
15050 2568
15060 2570
15070 2570
15080 2570
15090 2570
15100 2570
15110 2570
15120 2571
15130 2575
15140 2575
15150 2575
15160 2575
15170 2577
15180 2577
15190 2577
15200 2578
15210 2579
15220 2579
15230 2579
15240 2579
15250 2579
15260 2579
15270 2580
15280 2583
15290 2583
15300 2585
15310 2585
15320 2586
15330 2587
15340 2587
15350 2587
15360 2587
15370 2587
15380 2587
15390 2587
15400 2587
15410 2587
15420 2587
15430 2588
15440 2588
15450 2590
15460 2591
15470 2591
15480 2591
15490 2592
15500 2593
15510 2594
15520 2595
15530 2595
15540 2597
15550 2598
15560 2598
15570 2598
15580 2601
15590 2603
15600 2604
15610 2605
15620 2605
15630 2607
15640 2611
15650 2612
15660 2613
15670 2613
15680 2615
15690 2616
15700 2616
15710 2616
15720 2617
15730 2617
15740 2617
15750 2617
15760 2618
15770 2618
15780 2618
15790 2618
15800 2619
15810 2619
15820 2620
15830 2620
15840 2622
15850 2623
15860 2623
15870 2624
15880 2624
15890 2625
15900 2625
15910 2626
15920 2626
15930 2626
15940 2626
15950 2627
15960 2627
15970 2628
15980 2629
15990 2630
16000 2630
16010 2630
16020 2631
16030 2632
16040 2632
16050 2634
16060 2634
16070 2634
16080 2637
16090 2638
16100 2638
16110 2638
16120 2639
16130 2639
16140 2639
16150 2640
16160 2641
16170 2643
16180 2643
16190 2643
16200 2643
16210 2644
16220 2644
16230 2645
16240 2645
16250 2645
16260 2646
16270 2646
16280 2646
16290 2646
16300 2646
16310 2646
16320 2646
16330 2648
16340 2648
16350 2649
16360 2650
16370 2651
16380 2652
16390 2653
16400 2654
16410 2655
16420 2656
16430 2656
16440 2658
16450 2659
16460 2659
16470 2660
16480 2660
16490 2660
16500 2660
16510 2660
16520 2662
16530 2664
16540 2664
16550 2665
16560 2665
16570 2666
16580 2666
16590 2666
16600 2666
16610 2666
16620 2667
16630 2668
16640 2668
16650 2668
16660 2668
16670 2668
16680 2669
16690 2669
16700 2669
16710 2670
16720 2671
16730 2671
16740 2673
16750 2673
16760 2674
16770 2674
16780 2674
16790 2674
16800 2675
16810 2675
16820 2677
16830 2677
16840 2677
16850 2677
16860 2679
16870 2680
16880 2681
16890 2683
16900 2684
16910 2685
16920 2686
16930 2687
16940 2687
16950 2689
16960 2690
16970 2690
16980 2690
16990 2690
17000 2692
17010 2693
17020 2693
17030 2694
17040 2695
17050 2695
17060 2697
17070 2697
17080 2698
17090 2698
17100 2700
17110 2701
17120 2701
17130 2701
17140 2702
17150 2703
17160 2703
17170 2703
17180 2703
17190 2703
17200 2704
17210 2704
17220 2704
17230 2705
17240 2705
17250 2705
17260 2705
17270 2705
17280 2705
17290 2707
17300 2707
17310 2708
17320 2708
17330 2712
17340 2713
17350 2713
17360 2713
17370 2714
17380 2714
17390 2715
17400 2715
17410 2716
17420 2717
17430 2718
17440 2718
17450 2719
17460 2719
17470 2719
17480 2720
17490 2720
17500 2723
17510 2725
17520 2726
17530 2726
17540 2727
17550 2728
17560 2729
17570 2729
17580 2730
17590 2731
17600 2731
17610 2733
17620 2734
17630 2736
17640 2736
17650 2736
17660 2737
17670 2737
17680 2737
17690 2738
17700 2739
17710 2739
17720 2740
17730 2741
17740 2742
17750 2742
17760 2743
17770 2744
17780 2744
17790 2746
17800 2746
17810 2747
17820 2749
17830 2750
17840 2752
17850 2752
17860 2753
17870 2753
17880 2753
17890 2755
17900 2757
17910 2758
17920 2760
17930 2761
17940 2761
17950 2761
17960 2761
17970 2763
17980 2764
17990 2766
18000 2766
18010 2766
18020 2766
18030 2767
18040 2767
18050 2768
18060 2769
18070 2770
18080 2770
18090 2771
18100 2771
18110 2771
18120 2771
18130 2771
18140 2772
18150 2772
18160 2773
18170 2773
18180 2775
18190 2777
18200 2778
18210 2778
18220 2779
18230 2781
18240 2782
18250 2783
18260 2783
18270 2784
18280 2784
18290 2786
18300 2787
18310 2788
18320 2789
18330 2790
18340 2790
18350 2790
18360 2790
18370 2792
18380 2793
18390 2794
18400 2796
18410 2797
18420 2798
18430 2799
18440 2799
18450 2799
18460 2799
18470 2799
18480 2799
18490 2800
18500 2800
18510 2801
18520 2801
18530 2801
18540 2802
18550 2802
18560 2803
18570 2804
18580 2806
18590 2806
18600 2807
18610 2808
18620 2808
18630 2808
18640 2809
18650 2809
18660 2811
18670 2811
18680 2811
18690 2811
18700 2811
18710 2813
18720 2813
18730 2813
18740 2813
18750 2813
18760 2813
18770 2813
18780 2814
18790 2815
18800 2815
18810 2815
18820 2815
18830 2816
18840 2816
18850 2816
18860 2816
18870 2818
18880 2819
18890 2820
18900 2821
18910 2822
18920 2824
18930 2825
18940 2826
18950 2827
18960 2827
18970 2828
18980 2828
18990 2829
19000 2831
19010 2832
19020 2833
19030 2833
19040 2834
19050 2834
19060 2835
19070 2835
19080 2835
19090 2836
19100 2836
19110 2837
19120 2837
19130 2839
19140 2841
19150 2842
19160 2843
19170 2844
19180 2844
19190 2844
19200 2845
19210 2845
19220 2845
19230 2845
19240 2845
19250 2845
19260 2846
19270 2847
19280 2847
19290 2848
19300 2850
19310 2850
19320 2851
19330 2851
19340 2854
19350 2854
19360 2854
19370 2855
19380 2856
19390 2857
19400 2858
19410 2858
19420 2859
19430 2860
19440 2860
19450 2860
19460 2860
19470 2861
19480 2862
19490 2862
19500 2863
19510 2864
19520 2865
19530 2865
19540 2866
19550 2866
19560 2866
19570 2866
19580 2868
19590 2870
19600 2870
19610 2871
19620 2873
19630 2873
19640 2875
19650 2876
19660 2878
19670 2878
19680 2878
19690 2878
19700 2879
19710 2880
19720 2881
19730 2886
19740 2888
19750 2888
19760 2888
19770 2889
19780 2890
19790 2891
19800 2892
19810 2894
19820 2894
19830 2895
19840 2896
19850 2896
19860 2898
19870 2901
19880 2903
19890 2903
19900 2905
19910 2906
19920 2908
19930 2908
19940 2909
19950 2910
19960 2912
19970 2912
19980 2912
19990 2914
20000 2914
20010 2914
20020 2914
20030 2915
20040 2916
20050 2919
20060 2919
20070 2921
20080 2923
20090 2924
20100 2927
20110 2927
20120 2929
20130 2929
20140 2929
20150 2930
20160 2930
20170 2930
20180 2933
20190 2933
20200 2933
20210 2933
20220 2933
20230 2933
20240 2935
20250 2936
20260 2936
20270 2936
20280 2938
20290 2938
20300 2939
20310 2939
20320 2940
20330 2940
20340 2941
20350 2941
20360 2941
20370 2941
20380 2941
20390 2941
20400 2941
20410 2943
20420 2943
20430 2943
20440 2943
20450 2943
20460 2943
20470 2944
20480 2945
20490 2946
20500 2947
20510 2947
20520 2948
20530 2948
20540 2948
20550 2949
20560 2949
20570 2950
20580 2950
20590 2950
20600 2952
20610 2953
20620 2953
20630 2953
20640 2953
20650 2957
20660 2961
20670 2963
20680 2963
20690 2965
20700 2967
20710 2969
20720 2969
20730 2974
20740 2976
20750 2976
20760 2976
20770 2977
20780 2978
20790 2980
20800 2981
20810 2984
20820 2985
20830 2986
20840 2987
20850 2990
20860 2990
20870 2991
20880 2991
20890 2992
20900 2993
20910 2997
20920 3001
20930 3003
20940 3009
20950 3011
20960 3011
20970 3012
20980 3012
20990 3014
21000 3017
21010 3017
21020 3017
21030 3019
21040 3019
21050 3021
21060 3023
21070 3025
21080 3025
21090 3026
21100 3028
21110 3030
21120 3030
21130 3032
21140 3032
21150 3032
21160 3033
21170 3034
21180 3035
21190 3036
21200 3036
21210 3037
21220 3038
21230 3038
21240 3039
21250 3040
21260 3041
21270 3041
21280 3043
21290 3045
21300 3045
21310 3045
21320 3047
21330 3047
21340 3049
21350 3050
21360 3051
21370 3052
21380 3052
21390 3053
21400 3054
21410 3054
21420 3054
21430 3054
21440 3055
21450 3056
21460 3057
21470 3057
21480 3058
21490 3058
21500 3058
21510 3058
21520 3058
21530 3059
21540 3061
21550 3061
21560 3063
21570 3064
21580 3065
21590 3065
21600 3066
21610 3066
21620 3067
21630 3067
21640 3067
21650 3067
21660 3067
21670 3067
21680 3068
21690 3068
21700 3069
21710 3069
21720 3071
21730 3073
21740 3073
21750 3074
21760 3076
21770 3078
21780 3078
21790 3079
21800 3080
21810 3081
21820 3081
21830 3082
21840 3082
21850 3082
21860 3082
21870 3082
21880 3083
21890 3083
21900 3083
21910 3083
21920 3084
21930 3084
21940 3085
21950 3086
21960 3087
21970 3087
21980 3088
21990 3089
22000 3091
22010 3092
22020 3094
22030 3095
22040 3095
22050 3097
22060 3100
22070 3101
22080 3102
22090 3103
22100 3104
22110 3106
22120 3107
22130 3108
22140 3108
22150 3108
22160 3108
22170 3109
22180 3110
22190 3111
22200 3112
22210 3113
22220 3114
22230 3115
22240 3115
22250 3115
22260 3116
22270 3116
22280 3117
22290 3118
22300 3119
22310 3121
22320 3121
22330 3121
22340 3122
22350 3122
22360 3122
22370 3123
22380 3124
22390 3124
22400 3124
22410 3124
22420 3124
22430 3124
22440 3126
22450 3126
22460 3126
22470 3126
22480 3127
22490 3128
22500 3130
22510 3130
22520 3130
22530 3130
22540 3130
22550 3131
22560 3131
22570 3131
22580 3131
22590 3131
22600 3134
22610 3136
22620 3136
22630 3136
22640 3137
22650 3139
22660 3139
22670 3140
22680 3140
22690 3142
22700 3142
22710 3142
22720 3143
22730 3143
22740 3143
22750 3143
22760 3143
22770 3143
22780 3143
22790 3143
22800 3143
22810 3143
22820 3143
22830 3143
22840 3143
22850 3143
22860 3143
22870 3144
22880 3144
22890 3145
22900 3145
22910 3145
22920 3145
22930 3146
22940 3149
22950 3149
22960 3151
22970 3151
22980 3151
22990 3151
23000 3151
23010 3151
23020 3151
23030 3151
23040 3151
23050 3151
23060 3151
23070 3151
23080 3151
23090 3152
23100 3152
23110 3153
23120 3153
23130 3153
23140 3153
23150 3153
23160 3153
23170 3153
23180 3153
23190 3155
23200 3155
23210 3155
23220 3155
23230 3156
23240 3157
23250 3157
23260 3157
23270 3158
23280 3159
23290 3159
23300 3159
23310 3159
23320 3159
23330 3159
23340 3159
23350 3159
23360 3159
23370 3159
23380 3159
23390 3160
23400 3160
23410 3163
23420 3163
23430 3163
23440 3165
23450 3165
23460 3165
23470 3166
23480 3166
23490 3166
23500 3166
23510 3166
23520 3166
23530 3166
23540 3166
23550 3166
23560 3166
23570 3166
23580 3166
23590 3166
23600 3167
23610 3168
23620 3168
23630 3169
23640 3169
23650 3169
23660 3169
23670 3170
23680 3170
23690 3170
23700 3171
23710 3171
23720 3171
23730 3171
23740 3171
23750 3171
23760 3173
23770 3174
23780 3174
23790 3175
23800 3175
23810 3175
23820 3175
23830 3176
23840 3176
23850 3177
23860 3178
23870 3179
23880 3181
23890 3181
23900 3182
23910 3184
23920 3184
23930 3184
23940 3184
23950 3184
23960 3185
23970 3186
23980 3187
23990 3187
24000 3187
24010 3188
24020 3188
24030 3188
24040 3189
24050 3189
24060 3189
24070 3190
24080 3191
24090 3192
24100 3192
24110 3193
24120 3195
24130 3196
24140 3196
24150 3197
24160 3197
24170 3198
24180 3198
24190 3199
24200 3199
24210 3200
24220 3202
24230 3203
24240 3203
24250 3204
24260 3206
24270 3207
24280 3208
24290 3210
24300 3210
24310 3211
24320 3213
24330 3213
24340 3213
24350 3214
24360 3214
24370 3214
24380 3214
24390 3215
24400 3216
24410 3217
24420 3218
24430 3218
24440 3218
24450 3218
24460 3220
24470 3220
24480 3220
24490 3221
24500 3222
24510 3222
24520 3223
24530 3224
24540 3224
24550 3225
24560 3227
24570 3228
24580 3228
24590 3228
24600 3228
24610 3228
24620 3228
24630 3229
24640 3229
24650 3229
24660 3229
24670 3229
24680 3230
24690 3230
24700 3230
24710 3231
24720 3232
24730 3233
24740 3234
24750 3234
24760 3235
24770 3235
24780 3235
24790 3236
24800 3237
24810 3237
24820 3237
24830 3237
24840 3238
24850 3238
24860 3238
24870 3238
24880 3239
24890 3239
24900 3239
24910 3239
24920 3243
24930 3244
24940 3245
24950 3245
24960 3245
24970 3245
24980 3245
24990 3245
25000 3245
25010 3245
25020 3245
25030 3246
25040 3246
25050 3246
25060 3246
25070 3246
25080 3247
25090 3247
25100 3248
25110 3248
25120 3248
25130 3249
25140 3249
25150 3249
25160 3249
25170 3250
25180 3251
25190 3251
25200 3251
25210 3251
25220 3251
25230 3251
25240 3252
25250 3252
25260 3252
25270 3252
25280 3252
25290 3252
25300 3252
25310 3252
25320 3253
25330 3253
25340 3253
25350 3253
25360 3253
25370 3253
25380 3254
25390 3254
25400 3254
25410 3254
25420 3254
25430 3255
25440 3256
25450 3257
25460 3257
25470 3257
25480 3258
25490 3260
25500 3261
25510 3261
25520 3261
25530 3261
25540 3262
25550 3262
25560 3262
25570 3262
25580 3262
25590 3262
25600 3262
25610 3262
25620 3262
25630 3263
25640 3263
25650 3265
25660 3266
25670 3266
25680 3268
25690 3268
25700 3269
25710 3269
25720 3270
25730 3270
25740 3271
25750 3272
25760 3272
25770 3273
25780 3273
25790 3275
25800 3275
25810 3275
25820 3276
25830 3276
25840 3276
25850 3277
25860 3277
25870 3277
25880 3279
25890 3279
25900 3279
25910 3281
25920 3281
25930 3282
25940 3282
25950 3284
25960 3284
25970 3284
25980 3284
25990 3286
26000 3287
26010 3287
26020 3288
26030 3288
26040 3289
26050 3291
26060 3291
26070 3292
26080 3292
26090 3293
26100 3295
26110 3298
26120 3300
26130 3301
26140 3304
26150 3306
26160 3310
26170 3313
26180 3313
26190 3313
26200 3314
26210 3316
26220 3319
26230 3321
26240 3322
26250 3322
26260 3322
26270 3324
26280 3327
26290 3328
26300 3328
26310 3331
26320 3333
26330 3337
26340 3341
26350 3341
26360 3344
26370 3346
26380 3349
26390 3352
26400 3352
26410 3352
26420 3355
26430 3356
26440 3356
26450 3357
26460 3359
26470 3359
26480 3360
26490 3360
26500 3361
26510 3362
26520 3362
26530 3362
26540 3362
26550 3362
26560 3363
26570 3363
26580 3364
26590 3366
26600 3366
26610 3366
26620 3367
26630 3367
26640 3367
26650 3368
26660 3369
26670 3369
26680 3369
26690 3369
26700 3370
26710 3370
26720 3370
26730 3370
26740 3371
26750 3371
26760 3371
26770 3372
26780 3373
26790 3374
26800 3374
26810 3375
26820 3377
26830 3377
26840 3377
26850 3377
26860 3377
26870 3378
26880 3379
26890 3380
26900 3382
26910 3383
26920 3383
26930 3383
26940 3383
26950 3383
26960 3383
26970 3383
26980 3385
26990 3385
27000 3386
27010 3387
27020 3387
27030 3390
27040 3390
27050 3390
27060 3391
27070 3393
27080 3393
27090 3393
27100 3394
27110 3394
27120 3394
27130 3394
27140 3394
27150 3394
27160 3394
27170 3394
27180 3394
27190 3394
27200 3394
27210 3395
27220 3395
27230 3395
27240 3396
27250 3396
27260 3397
27270 3397
27280 3400
27290 3400
27300 3402
27310 3403
27320 3406
27330 3406
27340 3407
27350 3409
27360 3410
27370 3410
27380 3410
27390 3412
27400 3412
27410 3412
27420 3412
27430 3413
27440 3414
27450 3415
27460 3415
27470 3415
27480 3415
27490 3415
27500 3416
27510 3416
27520 3416
27530 3416
27540 3417
27550 3417
27560 3418
27570 3419
27580 3419
27590 3420
27600 3420
27610 3420
27620 3420
27630 3421
27640 3422
27650 3422
27660 3424
27670 3425
27680 3425
27690 3425
27700 3426
27710 3428
27720 3429
27730 3430
27740 3431
27750 3433
27760 3433
27770 3433
27780 3434
27790 3434
27800 3434
27810 3434
27820 3434
27830 3435
27840 3435
27850 3436
27860 3436
27870 3436
27880 3436
27890 3437
27900 3437
27910 3437
27920 3438
27930 3438
27940 3438
27950 3438
27960 3439
27970 3439
27980 3439
27990 3440
28000 3440
28010 3440
28020 3440
28030 3440
28040 3440
28050 3440
28060 3440
28070 3440
28080 3441
28090 3443
28100 3443
28110 3444
28120 3444
28130 3444
28140 3444
28150 3445
28160 3446
28170 3447
28180 3449
28190 3451
28200 3451
28210 3451
28220 3451
28230 3452
28240 3452
28250 3453
28260 3453
28270 3453
28280 3453
28290 3453
28300 3453
28310 3454
28320 3454
28330 3455
28340 3455
28350 3455
28360 3456
28370 3456
28380 3457
28390 3458
28400 3460
28410 3460
28420 3460
28430 3461
28440 3461
28450 3462
28460 3462
28470 3462
28480 3462
28490 3462
28500 3462
28510 3462
28520 3462
28530 3464
28540 3464
28550 3465
28560 3465
28570 3465
28580 3465
28590 3465
28600 3465
28610 3467
28620 3468
28630 3469
28640 3469
28650 3469
28660 3469
28670 3469
28680 3469
28690 3470
28700 3470
28710 3470
28720 3470
28730 3470
28740 3470
28750 3470
28760 3470
28770 3471
28780 3471
28790 3472
28800 3472
28810 3472
28820 3472
28830 3474
28840 3475
28850 3475
28860 3475
28870 3475
28880 3476
28890 3476
28900 3476
28910 3476
28920 3476
28930 3477
28940 3477
28950 3477
28960 3478
28970 3478
28980 3478
28990 3478
29000 3478
29010 3478
29020 3478
29030 3478
29040 3478
29050 3478
29060 3478
29070 3479
29080 3481
29090 3482
29100 3482
29110 3483
29120 3483
29130 3486
29140 3486
29150 3487
29160 3488
29170 3490
29180 3492
29190 3492
29200 3492
29210 3493
29220 3493
29230 3493
29240 3494
29250 3494
29260 3494
29270 3494
29280 3496
29290 3496
29300 3497
29310 3497
29320 3498
29330 3498
29340 3498
29350 3499
29360 3500
29370 3500
29380 3501
29390 3501
29400 3502
29410 3502
29420 3502
29430 3502
29440 3503
29450 3503
29460 3504
29470 3504
29480 3506
29490 3507
29500 3507
29510 3507
29520 3509
29530 3510
29540 3510
29550 3511
29560 3512
29570 3512
29580 3512
29590 3512
29600 3512
29610 3512
29620 3512
29630 3512
29640 3512
29650 3512
29660 3512
29670 3512
29680 3512
29690 3512
29700 3513
29710 3514
29720 3514
29730 3514
29740 3515
29750 3516
29760 3516
29770 3516
29780 3517
29790 3519
29800 3521
29810 3522
29820 3522
29830 3523
29840 3523
29850 3523
29860 3523
29870 3523
29880 3524
29890 3525
29900 3526
29910 3526
29920 3528
29930 3530
29940 3531
29950 3532
29960 3533
29970 3533
29980 3533
29990 3534
30000 3534
30010 3535
30020 3535
30030 3535
30040 3536
30050 3537
30060 3537
30070 3537
30080 3537
30090 3538
30100 3539
30110 3539
30120 3539
30130 3541
30140 3541
30150 3542
30160 3542
30170 3542
30180 3543
30190 3544
30200 3546
30210 3546
30220 3546
30230 3546
30240 3547
30250 3548
30260 3549
30270 3550
30280 3551
30290 3551
30300 3551
30310 3551
30320 3551
30330 3554
30340 3554
30350 3554
30360 3554
30370 3554
30380 3554
30390 3554
30400 3554
30410 3555
30420 3555
30430 3555
30440 3555
30450 3556
30460 3557
30470 3557
30480 3557
30490 3557
30500 3558
30510 3558
30520 3558
30530 3560
30540 3560
30550 3561
30560 3561
30570 3562
30580 3563
30590 3563
30600 3563
30610 3563
30620 3563
30630 3563
30640 3563
30650 3564
30660 3565
30670 3566
30680 3566
30690 3566
30700 3567
30710 3568
30720 3568
30730 3570
30740 3570
30750 3570
30760 3570
30770 3572
30780 3572
30790 3573
30800 3575
30810 3575
30820 3576
30830 3576
30840 3577
30850 3578
30860 3580
30870 3580
30880 3581
30890 3582
30900 3582
30910 3584
30920 3585
30930 3585
30940 3585
30950 3585
30960 3585
30970 3586
30980 3586
30990 3587
31000 3589
31010 3589
31020 3589
31030 3589
31040 3591
31050 3592
31060 3594
31070 3595
31080 3595
31090 3595
31100 3595
31110 3596
31120 3596
31130 3596
31140 3597
31150 3597
31160 3598
31170 3598
31180 3599
31190 3599
31200 3601
31210 3601
31220 3601
31230 3601
31240 3602
31250 3602
31260 3602
31270 3602
31280 3603
31290 3604
31300 3606
31310 3606
31320 3608
31330 3609
31340 3610
31350 3610
31360 3612
31370 3613
31380 3614
31390 3614
31400 3614
31410 3614
31420 3615
31430 3615
31440 3616
31450 3617
31460 3617
31470 3617
31480 3617
31490 3617
31500 3617
31510 3617
31520 3617
31530 3618
31540 3618
31550 3618
31560 3618
31570 3618
31580 3618
31590 3618
31600 3618
31610 3619
31620 3620
31630 3620
31640 3620
31650 3620
31660 3620
31670 3620
31680 3621
31690 3622
31700 3622
31710 3622
31720 3622
31730 3623
31740 3623
31750 3624
31760 3624
31770 3626
31780 3627
31790 3627
31800 3627
31810 3627
31820 3627
31830 3627
31840 3628
31850 3628
31860 3628
31870 3629
31880 3630
31890 3631
31900 3632
31910 3632
31920 3632
31930 3633
31940 3634
31950 3634
31960 3636
31970 3636
31980 3637
31990 3639
32000 3639
32010 3639
32020 3639
32030 3641
32040 3641
32050 3641
32060 3642
32070 3642
32080 3644
32090 3644
32100 3645
32110 3646
32120 3648
32130 3649
32140 3649
32150 3652
32160 3653
32170 3653
32180 3653
32190 3653
32200 3653
32210 3653
32220 3653
32230 3653
32240 3654
32250 3654
32260 3655
32270 3655
32280 3655
32290 3656
32300 3657
32310 3658
32320 3659
32330 3660
32340 3661
32350 3661
32360 3661
32370 3662
32380 3662
32390 3663
32400 3664
32410 3664
32420 3664
32430 3664
32440 3664
32450 3665
32460 3665
32470 3665
32480 3667
32490 3669
32500 3669
32510 3669
32520 3670
32530 3670
32540 3671
32550 3672
32560 3672
32570 3673
32580 3674
32590 3674
32600 3674
32610 3674
32620 3675
32630 3676
32640 3676
32650 3676
32660 3676
32670 3676
32680 3677
32690 3678
32700 3678
32710 3678
32720 3678
32730 3678
32740 3680
32750 3680
32760 3681
32770 3682
32780 3682
32790 3682
32800 3682
32810 3683
32820 3683
32830 3683
32840 3683
32850 3683
32860 3685
32870 3685
32880 3686
32890 3687
32900 3688
32910 3688
32920 3689
32930 3691
32940 3691
32950 3691
32960 3691
32970 3692
32980 3693
32990 3693
33000 3693
33010 3694
33020 3694
33030 3695
33040 3696
33050 3697
33060 3697
33070 3697
33080 3697
33090 3697
33100 3697
33110 3697
33120 3697
33130 3697
33140 3697
33150 3697
33160 3697
33170 3697
33180 3697
33190 3697
33200 3697
33210 3697
33220 3698
33230 3698
33240 3699
33250 3699
33260 3699
33270 3700
33280 3700
33290 3701
33300 3701
33310 3702
33320 3702
33330 3702
33340 3702
33350 3702
33360 3702
33370 3703
33380 3703
33390 3703
33400 3703
33410 3704
33420 3704
33430 3704
33440 3704
33450 3705
33460 3705
33470 3705
33480 3705
33490 3705
33500 3706
33510 3706
33520 3706
33530 3706
33540 3706
33550 3706
33560 3707
33570 3708
33580 3708
33590 3708
33600 3709
33610 3709
33620 3709
33630 3709
33640 3709
33650 3709
33660 3710
33670 3710
33680 3710
33690 3710
33700 3711
33710 3713
33720 3713
33730 3713
33740 3715
33750 3715
33760 3715
33770 3715
33780 3716
33790 3717
33800 3717
33810 3717
33820 3717
33830 3718
33840 3719
33850 3720
33860 3720
33870 3720
33880 3721
33890 3723
33900 3725
33910 3726
33920 3726
33930 3727
33940 3728
33950 3728
33960 3729
33970 3729
33980 3731
33990 3731
34000 3732
34010 3732
34020 3732
34030 3732
34040 3732
34050 3732
34060 3732
34070 3732
34080 3732
34090 3732
34100 3734
34110 3734
34120 3734
34130 3734
34140 3734
34150 3735
34160 3735
34170 3736
34180 3737
34190 3737
34200 3738
34210 3739
34220 3741
34230 3741
34240 3742
34250 3742
34260 3743
34270 3743
34280 3743
34290 3743
34300 3744
34310 3745
34320 3745
34330 3745
34340 3746
34350 3748
34360 3749
34370 3750
34380 3750
34390 3750
34400 3750
34410 3750
34420 3750
34430 3751
34440 3751
34450 3752
34460 3752
34470 3752
34480 3752
34490 3752
34500 3754
34510 3755
34520 3755
34530 3757
34540 3757
34550 3757
34560 3757
34570 3758
34580 3758
34590 3760
34600 3766
34610 3767
34620 3768
34630 3769
34640 3769
34650 3770
34660 3770
34670 3770
34680 3770
34690 3770
34700 3770
34710 3770
34720 3770
34730 3770
34740 3771
34750 3771
34760 3771
34770 3772
34780 3773
34790 3774
34800 3776
34810 3776
34820 3777
34830 3777
34840 3777
34850 3778
34860 3778
34870 3778
34880 3779
34890 3779
34900 3779
34910 3780
34920 3780
34930 3780
34940 3781
34950 3781
34960 3781
34970 3781
34980 3781
34990 3781
35000 3781
35010 3782
35020 3782
35030 3782
35040 3783
35050 3785
35060 3785
35070 3785
35080 3785
35090 3785
35100 3785
35110 3785
35120 3785
35130 3785
35140 3785
35150 3785
35160 3785
35170 3785
35180 3785
35190 3787
35200 3787
35210 3787
35220 3787
35230 3787
35240 3787
35250 3787
35260 3787
35270 3788
35280 3789
35290 3790
35300 3790
35310 3791
35320 3791
35330 3792
35340 3793
35350 3794
35360 3794
35370 3795
35380 3795
35390 3795
35400 3795
35410 3795
35420 3795
35430 3795
35440 3795
35450 3795
35460 3796
35470 3797
35480 3797
35490 3798
35500 3798
35510 3798
35520 3798
35530 3798
35540 3798
35550 3798
35560 3798
35570 3798
35580 3798
35590 3798
35600 3798
35610 3798
35620 3798
35630 3799
35640 3799
35650 3799
35660 3799
35670 3799
35680 3799
35690 3800
35700 3800
35710 3800
35720 3800
35730 3801
35740 3801
35750 3802
35760 3802
35770 3802
35780 3802
35790 3804
35800 3804
35810 3805
35820 3806
35830 3806
35840 3806
35850 3808
35860 3809
35870 3809
35880 3809
35890 3809
35900 3809
35910 3809
35920 3809
35930 3810
35940 3811
35950 3813
35960 3814
35970 3815
35980 3815
35990 3815
36000 3815
36010 3816
36020 3816
36030 3816
36040 3816
36050 3816
36060 3816
36070 3817
36080 3818
36090 3818
36100 3818
36110 3818
36120 3818
36130 3818
36140 3818
36150 3819
36160 3819
36170 3819
36180 3819
36190 3819
36200 3820
36210 3822
36220 3824
36230 3824
36240 3824
36250 3825
36260 3826
36270 3826
36280 3826
36290 3829
36300 3829
36310 3829
36320 3829
36330 3829
36340 3829
36350 3829
36360 3830
36370 3831
36380 3831
36390 3832
36400 3833
36410 3833
36420 3833
36430 3833
36440 3833
36450 3834
36460 3834
36470 3835
36480 3836
36490 3836
36500 3837
36510 3837
36520 3838
36530 3839
36540 3839
36550 3840
36560 3840
36570 3840
36580 3841
36590 3842
36600 3842
36610 3843
36620 3844
36630 3844
36640 3844
36650 3845
36660 3845
36670 3846
36680 3846
36690 3846
36700 3846
36710 3847
36720 3847
36730 3848
36740 3848
36750 3848
36760 3849
36770 3849
36780 3849
36790 3850
36800 3850
36810 3850
36820 3851
36830 3852
36840 3852
36850 3852
36860 3853
36870 3853
36880 3853
36890 3854
36900 3854
36910 3854
36920 3855
36930 3855
36940 3856
36950 3858
36960 3858
36970 3859
36980 3862
36990 3862
37000 3862
37010 3863
37020 3863
37030 3863
37040 3863
37050 3863
37060 3863
37070 3864
37080 3864
37090 3864
37100 3864
37110 3864
37120 3864
37130 3864
37140 3864
37150 3864
37160 3864
37170 3864
37180 3865
37190 3865
37200 3865
37210 3866
37220 3866
37230 3867
37240 3867
37250 3867
37260 3867
37270 3867
37280 3867
37290 3867
37300 3868
37310 3869
37320 3869
37330 3870
37340 3871
37350 3871
37360 3871
37370 3871
37380 3872
37390 3872
37400 3873
37410 3874
37420 3874
37430 3874
37440 3874
37450 3874
37460 3874
37470 3875
37480 3875
37490 3875
37500 3875
37510 3875
37520 3875
37530 3875
37540 3875
37550 3875
37560 3875
37570 3875
37580 3875
37590 3875
37600 3875
37610 3875
37620 3875
37630 3875
37640 3876
37650 3876
37660 3876
37670 3876
37680 3876
37690 3877
37700 3877
37710 3877
37720 3878
37730 3878
37740 3878
37750 3878
37760 3878
37770 3878
37780 3878
37790 3879
37800 3879
37810 3879
37820 3879
37830 3880
37840 3880
37850 3880
37860 3880
37870 3880
37880 3881
37890 3881
37900 3881
37910 3881
37920 3882
37930 3882
37940 3882
37950 3884
37960 3885
37970 3889
37980 3890
37990 3894
38000 3896
38010 3896
38020 3897
38030 3897
38040 3897
38050 3897
38060 3897
38070 3897
38080 3897
38090 3898
38100 3898
38110 3898
38120 3898
38130 3898
38140 3898
38150 3898
38160 3899
38170 3899
38180 3900
38190 3900
38200 3900
38210 3900
38220 3900
38230 3900
38240 3900
38250 3900
38260 3900
38270 3900
38280 3901
38290 3901
38300 3901
38310 3901
38320 3902
38330 3902
38340 3902
38350 3904
38360 3904
38370 3904
38380 3904
38390 3904
38400 3904
38410 3904
38420 3904
38430 3905
38440 3905
38450 3905
38460 3905
38470 3905
38480 3905
38490 3906
38500 3906
38510 3906
38520 3906
38530 3906
38540 3906
38550 3907
38560 3907
38570 3907
38580 3907
38590 3908
38600 3908
38610 3908
38620 3908
38630 3908
38640 3908
38650 3909
38660 3910
38670 3911
38680 3911
38690 3911
38700 3911
38710 3911
38720 3911
38730 3911
38740 3911
38750 3912
38760 3914
38770 3914
38780 3915
38790 3915
38800 3916
38810 3916
38820 3917
38830 3918
38840 3918
38850 3919
38860 3920
38870 3923
38880 3923
38890 3925
38900 3926
38910 3926
38920 3926
38930 3926
38940 3927
38950 3927
38960 3928
38970 3928
38980 3928
38990 3929
39000 3929
39010 3929
39020 3930
39030 3932
39040 3932
39050 3932
39060 3932
39070 3932
39080 3932
39090 3932
39100 3932
39110 3933
39120 3933
39130 3933
39140 3935
39150 3935
39160 3936
39170 3936
39180 3937
39190 3937
39200 3937
39210 3937
39220 3939
39230 3940
39240 3941
39250 3941
39260 3942
39270 3942
39280 3943
39290 3943
39300 3943
39310 3943
39320 3943
39330 3943
39340 3943
39350 3943
39360 3944
39370 3944
39380 3944
39390 3944
39400 3944
39410 3944
39420 3944
39430 3944
39440 3944
39450 3945
39460 3946
39470 3947
39480 3948
39490 3948
39500 3948
39510 3949
39520 3949
39530 3949
39540 3949
39550 3949
39560 3949
39570 3950
39580 3950
39590 3950
39600 3950
39610 3950
39620 3950
39630 3950
39640 3950
39650 3950
39660 3950
39670 3950
39680 3951
39690 3951
39700 3951
39710 3951
39720 3951
39730 3951
39740 3951
39750 3951
39760 3951
39770 3952
39780 3952
39790 3952
39800 3954
39810 3954
39820 3954
39830 3954
39840 3954
39850 3954
39860 3956
39870 3958
39880 3959
39890 3962
39900 3963
39910 3965
39920 3965
39930 3967
39940 3968
39950 3969
39960 3971
39970 3971
39980 3971
39990 3971
40000 3972
40010 3972
40020 3972
40030 3974
40040 3974
40050 3975
40060 3975
40070 3975
40080 3975
40090 3975
40100 3977
40110 3978
40120 3979
40130 3979
40140 3984
40150 3984
40160 3984
40170 3984
40180 3984
40190 3984
40200 3985
40210 3985
40220 3987
40230 3987
40240 3988
40250 3988
40260 3988
40270 3988
40280 3989
40290 3989
40300 3990
40310 3990
40320 3990
40330 3990
40340 3990
40350 3990
40360 3990
40370 3991
40380 3992
40390 3993
40400 3994
40410 3995
40420 3995
40430 3996
40440 3996
40450 3996
40460 3996
40470 3996
40480 3997
40490 3998
40500 3998
40510 3998
40520 3998
40530 3998
40540 3999
40550 3999
40560 3999
40570 3999
40580 3999
40590 3999
40600 4000
40610 4000
40620 4000
40630 4000
40640 4002
40650 4002
40660 4002
40670 4002
40680 4002
40690 4002
40700 4002
40710 4003
40720 4003
40730 4003
40740 4003
40750 4003
40760 4003
40770 4003
40780 4003
40790 4003
40800 4003
40810 4004
40820 4004
40830 4004
40840 4005
40850 4006
40860 4006
40870 4006
40880 4007
40890 4007
40900 4007
40910 4008
40920 4009
40930 4009
40940 4009
40950 4009
40960 4009
40970 4009
40980 4009
40990 4009
41000 4011
41010 4011
41020 4011
41030 4011
41040 4013
41050 4013
41060 4014
41070 4014
41080 4016
41090 4016
41100 4016
41110 4017
41120 4017
41130 4017
41140 4017
41150 4017
41160 4017
41170 4018
41180 4019
41190 4020
41200 4020
41210 4021
41220 4022
41230 4023
41240 4025
41250 4025
41260 4025
41270 4026
41280 4028
41290 4031
41300 4034
41310 4035
41320 4035
41330 4035
41340 4035
41350 4035
41360 4035
41370 4036
41380 4036
41390 4036
41400 4036
41410 4037
41420 4037
41430 4038
41440 4038
41450 4038
41460 4038
41470 4038
41480 4038
41490 4038
41500 4039
41510 4040
41520 4040
41530 4041
41540 4041
41550 4041
41560 4042
41570 4044
41580 4044
41590 4044
41600 4044
41610 4044
41620 4044
41630 4044
41640 4045
41650 4045
41660 4045
41670 4045
41680 4045
41690 4045
41700 4046
41710 4046
41720 4047
41730 4047
41740 4047
41750 4047
41760 4047
41770 4047
41780 4047
41790 4047
41800 4047
41810 4048
41820 4049
41830 4049
41840 4049
41850 4049
41860 4050
41870 4051
41880 4051
41890 4051
41900 4051
41910 4051
41920 4051
41930 4052
41940 4052
41950 4054
41960 4054
41970 4055
41980 4055
41990 4055
42000 4056
42010 4056
42020 4056
42030 4057
42040 4057
42050 4058
42060 4058
42070 4058
42080 4059
42090 4059
42100 4060
42110 4060
42120 4060
42130 4060
42140 4060
42150 4060
42160 4061
42170 4062
42180 4062
42190 4062
42200 4063
42210 4065
42220 4065
42230 4066
42240 4066
42250 4067
42260 4067
42270 4068
42280 4068
42290 4069
42300 4069
42310 4069
42320 4069
42330 4069
42340 4069
42350 4070
42360 4073
42370 4074
42380 4074
42390 4075
42400 4076
42410 4078
42420 4078
42430 4078
42440 4078
42450 4078
42460 4079
42470 4079
42480 4080
42490 4080
42500 4080
42510 4081
42520 4082
42530 4084
42540 4084
42550 4084
42560 4085
42570 4085
42580 4086
42590 4086
42600 4087
42610 4087
42620 4087
42630 4087
42640 4087
42650 4088
42660 4088
42670 4088
42680 4088
42690 4088
42700 4088
42710 4088
42720 4088
42730 4088
42740 4088
42750 4088
42760 4088
42770 4088
42780 4088
42790 4089
42800 4090
42810 4090
42820 4090
42830 4090
42840 4090
42850 4090
42860 4090
42870 4090
42880 4090
42890 4090
42900 4091
42910 4091
42920 4092
42930 4092
42940 4092
42950 4093
42960 4093
42970 4093
42980 4093
42990 4093
43000 4094
43010 4095
43020 4096
43030 4096
43040 4097
43050 4100
43060 4100
43070 4102
43080 4103
43090 4105
43100 4105
43110 4105
43120 4106
43130 4107
43140 4110
43150 4114
43160 4116
43170 4117
43180 4119
43190 4120
43200 4123
43210 4124
43220 4125
43230 4125
43240 4128
43250 4128
43260 4128
43270 4128
43280 4128
43290 4128
43300 4128
43310 4128
43320 4129
43330 4129
43340 4130
43350 4131
43360 4131
43370 4131
43380 4132
43390 4133
43400 4134
43410 4134
43420 4136
43430 4136
43440 4136
43450 4136
43460 4136
43470 4136
43480 4136
43490 4137
43500 4138
43510 4138
43520 4138
43530 4138
43540 4138
43550 4138
43560 4140
43570 4141
43580 4141
43590 4141
43600 4141
43610 4141
43620 4141
43630 4141
43640 4141
43650 4141
43660 4141
43670 4141
43680 4141
43690 4144
43700 4147
43710 4147
43720 4147
43730 4147
43740 4147
43750 4147
43760 4147
43770 4147
43780 4148
43790 4148
43800 4148
43810 4148
43820 4150
43830 4150
43840 4151
43850 4151
43860 4151
43870 4151
43880 4152
43890 4152
43900 4152
43910 4153
43920 4153
43930 4153
43940 4153
43950 4153
43960 4154
43970 4154
43980 4154
43990 4155
44000 4156
44010 4156
44020 4156
44030 4157
44040 4157
44050 4157
44060 4157
44070 4158
44080 4159
44090 4159
44100 4159
44110 4160
44120 4160
44130 4160
44140 4160
44150 4161
44160 4163
44170 4163
44180 4163
44190 4163
44200 4164
44210 4164
44220 4164
44230 4164
44240 4164
44250 4164
44260 4166
44270 4168
44280 4169
44290 4169
44300 4169
44310 4169
44320 4171
44330 4173
44340 4174
44350 4175
44360 4175
44370 4175
44380 4175
44390 4176
44400 4178
44410 4178
44420 4179
44430 4180
44440 4181
44450 4182
44460 4182
44470 4182
44480 4182
44490 4183
44500 4183
44510 4183
44520 4183
44530 4183
44540 4183
44550 4184
44560 4184
44570 4184
44580 4184
44590 4184
44600 4184
44610 4184
44620 4184
44630 4184
44640 4185
44650 4185
44660 4185
44670 4186
44680 4186
44690 4187
44700 4188
44710 4189
44720 4190
44730 4190
44740 4190
44750 4191
44760 4192
44770 4192
44780 4192
44790 4192
44800 4192
44810 4192
44820 4192
44830 4192
44840 4192
44850 4193
44860 4193
44870 4193
44880 4193
44890 4193
44900 4193
44910 4193
44920 4193
44930 4193
44940 4193
44950 4195
44960 4195
44970 4196
44980 4197
44990 4197
45000 4197
45010 4197
45020 4197
45030 4197
45040 4197
45050 4197
45060 4197
45070 4199
45080 4201
45090 4202
45100 4203
45110 4203
45120 4203
45130 4204
45140 4204
45150 4204
45160 4205
45170 4205
45180 4205
45190 4205
45200 4205
45210 4205
45220 4206
45230 4206
45240 4209
45250 4209
45260 4209
45270 4209
45280 4209
45290 4209
45300 4210
45310 4211
45320 4211
45330 4212
45340 4212
45350 4212
45360 4212
45370 4212
45380 4212
45390 4213
45400 4213
45410 4213
45420 4213
45430 4213
45440 4216
45450 4216
45460 4216
45470 4216
45480 4216
45490 4216
45500 4216
45510 4217
45520 4219
45530 4220
45540 4222
45550 4222
45560 4222
45570 4223
45580 4223
45590 4223
45600 4224
45610 4226
45620 4226
45630 4228
45640 4228
45650 4229
45660 4232
45670 4232
45680 4232
45690 4234
45700 4234
45710 4235
45720 4235
45730 4235
45740 4236
45750 4236
45760 4238
45770 4238
45780 4238
45790 4238
45800 4238
45810 4240
45820 4242
45830 4242
45840 4242
45850 4242
45860 4242
45870 4242
45880 4242
45890 4242
45900 4242
45910 4242
45920 4242
45930 4242
45940 4243
45950 4243
45960 4244
45970 4244
45980 4244
45990 4245
46000 4245
46010 4245
46020 4245
46030 4247
46040 4248
46050 4249
46060 4249
46070 4250
46080 4250
46090 4250
46100 4250
46110 4250
46120 4250
46130 4250
46140 4250
46150 4250
46160 4250
46170 4250
46180 4250
46190 4251
46200 4251
46210 4253
46220 4253
46230 4253
46240 4255
46250 4255
46260 4256
46270 4256
46280 4257
46290 4257
46300 4257
46310 4257
46320 4257
46330 4258
46340 4258
46350 4258
46360 4258
46370 4259
46380 4262
46390 4262
46400 4263
46410 4264
46420 4265
46430 4265
46440 4266
46450 4266
46460 4266
46470 4266
46480 4266
46490 4266
46500 4266
46510 4266
46520 4266
46530 4267
46540 4267
46550 4267
46560 4267
46570 4267
46580 4268
46590 4269
46600 4270
46610 4270
46620 4270
46630 4271
46640 4271
46650 4271
46660 4272
46670 4273
46680 4274
46690 4275
46700 4276
46710 4276
46720 4276
46730 4278
46740 4278
46750 4278
46760 4278
46770 4278
46780 4278
46790 4278
46800 4279
46810 4280
46820 4280
46830 4280
46840 4280
46850 4280
46860 4281
46870 4281
46880 4281
46890 4281
46900 4283
46910 4284
46920 4284
46930 4285
46940 4285
46950 4285
46960 4285
46970 4285
46980 4285
46990 4285
47000 4285
47010 4285
47020 4286
47030 4287
47040 4288
47050 4288
47060 4288
47070 4288
47080 4288
47090 4289
47100 4290
47110 4290
47120 4290
47130 4291
47140 4292
47150 4292
47160 4292
47170 4292
47180 4293
47190 4294
47200 4294
47210 4294
47220 4294
47230 4294
47240 4294
47250 4294
47260 4294
47270 4294
47280 4294
47290 4295
47300 4295
47310 4295
47320 4295
47330 4295
47340 4295
47350 4295
47360 4296
47370 4296
47380 4297
47390 4297
47400 4297
47410 4297
47420 4297
47430 4297
47440 4297
47450 4297
47460 4297
47470 4298
47480 4300
47490 4302
47500 4302
47510 4303
47520 4303
47530 4303
47540 4303
47550 4304
47560 4304
47570 4304
47580 4305
47590 4308
47600 4308
47610 4309
47620 4309
47630 4310
47640 4310
47650 4310
47660 4313
47670 4313
47680 4313
47690 4313
47700 4314
47710 4314
47720 4315
47730 4315
47740 4316
47750 4316
47760 4316
47770 4316
47780 4318
47790 4318
47800 4319
47810 4319
47820 4319
47830 4320
47840 4320
47850 4320
47860 4320
47870 4320
47880 4320
47890 4321
47900 4321
47910 4322
47920 4322
47930 4323
47940 4324
47950 4324
47960 4324
47970 4324
47980 4324
47990 4324
48000 4324
48010 4324
48020 4324
48030 4324
48040 4325
48050 4325
48060 4327
48070 4328
48080 4328
48090 4329
48100 4329
48110 4329
48120 4330
48130 4330
48140 4331
48150 4331
48160 4331
48170 4331
48180 4331
48190 4331
48200 4331
48210 4331
48220 4331
48230 4332
48240 4332
48250 4334
48260 4336
48270 4338
48280 4339
48290 4340
48300 4340
48310 4340
48320 4340
48330 4341
48340 4341
48350 4341
48360 4342
48370 4343
48380 4343
48390 4343
48400 4343
48410 4343
48420 4343
48430 4345
48440 4347
48450 4347
48460 4347
48470 4348
48480 4349
48490 4349
48500 4349
48510 4349
48520 4350
48530 4351
48540 4351
48550 4351
48560 4352
48570 4353
48580 4354
48590 4354
48600 4354
48610 4354
48620 4354
48630 4354
48640 4354
48650 4355
48660 4357
48670 4359
48680 4360
48690 4360
48700 4360
48710 4360
48720 4360
48730 4360
48740 4362
48750 4362
48760 4364
48770 4365
48780 4367
48790 4367
48800 4368
48810 4369
48820 4372
48830 4374
48840 4374
48850 4375
48860 4378
48870 4378
48880 4378
48890 4380
48900 4380
48910 4382
48920 4382
48930 4383
48940 4383
48950 4383
48960 4383
48970 4383
48980 4383
48990 4383
49000 4384
49010 4384
49020 4384
49030 4385
49040 4385
49050 4385
49060 4385
49070 4386
49080 4386
49090 4386
49100 4386
49110 4386
49120 4387
49130 4388
49140 4388
49150 4388
49160 4389
49170 4389
49180 4389
49190 4389
49200 4389
49210 4389
49220 4389
49230 4389
49240 4389
49250 4389
49260 4391
49270 4391
49280 4392
49290 4392
49300 4392
49310 4392
49320 4392
49330 4393
49340 4393
49350 4393
49360 4393
49370 4393
49380 4393
49390 4394
49400 4394
49410 4394
49420 4395
49430 4395
49440 4395
49450 4396
49460 4396
49470 4396
49480 4397
49490 4398
49500 4398
49510 4398
49520 4398
49530 4398
49540 4399
49550 4400
49560 4400
49570 4400
49580 4401
49590 4401
49600 4401
49610 4402
49620 4402
49630 4402
49640 4402
49650 4403
49660 4404
49670 4405
49680 4405
49690 4405
49700 4405
49710 4407
49720 4407
49730 4407
49740 4407
49750 4407
49760 4407
49770 4408
49780 4409
49790 4409
49800 4409
49810 4410
49820 4410
49830 4410
49840 4411
49850 4411
49860 4413
49870 4413
49880 4414
49890 4414
49900 4414
49910 4417
49920 4417
49930 4418
49940 4418
49950 4418
49960 4420
49970 4420
49980 4420
49990 4420
50000 4421
50010 4421
50020 4421
50030 4421
50040 4421
50050 4421
50060 4422
50070 4422
50080 4422
50090 4425
50100 4427
50110 4427
50120 4428
50130 4429
50140 4431
50150 4432
50160 4432
50170 4433
50180 4434
50190 4434
50200 4434
50210 4434
50220 4434
50230 4434
50240 4434
50250 4435
50260 4436
50270 4436
50280 4437
50290 4437
50300 4437
50310 4437
50320 4438
50330 4438
50340 4439
50350 4440
50360 4441
50370 4442
50380 4443
50390 4443
50400 4443
50410 4444
50420 4444
50430 4445
50440 4445
50450 4445
50460 4445
50470 4445
50480 4445
50490 4445
50500 4445
50510 4445
50520 4445
50530 4445
50540 4445
50550 4446
50560 4447
50570 4448
50580 4449
50590 4449
50600 4451
50610 4451
50620 4451
50630 4451
50640 4451
50650 4451
50660 4451
50670 4451
50680 4451
50690 4451
50700 4452
50710 4452
50720 4453
50730 4453
50740 4453
50750 4453
50760 4454
50770 4454
50780 4454
50790 4454
50800 4454
50810 4454
50820 4454
50830 4455
50840 4458
50850 4458
50860 4458
50870 4458
50880 4460
50890 4460
50900 4460
50910 4460
50920 4460
50930 4460
50940 4460
50950 4460
50960 4461
50970 4462
50980 4462
50990 4462
51000 4462
51010 4463
51020 4463
51030 4463
51040 4463
51050 4463
51060 4464
51070 4464
51080 4465
51090 4465
51100 4465
51110 4465
51120 4465
51130 4465
51140 4465
51150 4465
51160 4465
51170 4465
51180 4465
51190 4465
51200 4467
51210 4467
51220 4467
51230 4467
51240 4467
51250 4467
51260 4467
51270 4468
51280 4468
51290 4468
51300 4468
51310 4468
51320 4468
51330 4468
51340 4468
51350 4468
51360 4468
51370 4469
51380 4469
51390 4469
51400 4469
51410 4469
51420 4469
51430 4469
51440 4469
51450 4469
51460 4469
51470 4469
51480 4469
51490 4469
51500 4469
51510 4469
51520 4469
51530 4470
51540 4472
51550 4474
51560 4476
51570 4479
51580 4479
51590 4479
51600 4479
51610 4479
51620 4479
51630 4479
51640 4479
51650 4479
51660 4480
51670 4480
51680 4480
51690 4480
51700 4480
51710 4481
51720 4482
51730 4482
51740 4483
51750 4484
51760 4485
51770 4486
51780 4486
51790 4487
51800 4487
51810 4487
51820 4487
51830 4487
51840 4487
51850 4488
51860 4488
51870 4488
51880 4489
51890 4491
51900 4492
51910 4493
51920 4493
51930 4493
51940 4493
51950 4493
51960 4493
51970 4495
51980 4496
51990 4497
52000 4497
52010 4497
52020 4497
52030 4497
52040 4497
52050 4497
52060 4497
52070 4497
52080 4497
52090 4498
52100 4498
52110 4499
52120 4499
52130 4499
52140 4499
52150 4500
52160 4501
52170 4501
52180 4501
52190 4501
52200 4503
52210 4504
52220 4504
52230 4504
52240 4504
52250 4504
52260 4504
52270 4504
52280 4504
52290 4506
52300 4506
52310 4506
52320 4506
52330 4506
52340 4506
52350 4506
52360 4507
52370 4507
52380 4507
52390 4510
52400 4510
52410 4511
52420 4511
52430 4511
52440 4511
52450 4511
52460 4512
52470 4512
52480 4512
52490 4512
52500 4512
52510 4513
52520 4514
52530 4514
52540 4514
52550 4514
52560 4516
52570 4517
52580 4517
52590 4517
52600 4517
52610 4518
52620 4518
52630 4518
52640 4519
52650 4519
52660 4519
52670 4519
52680 4520
52690 4520
52700 4521
52710 4523
52720 4525
52730 4525
52740 4525
52750 4526
52760 4527
52770 4527
52780 4528
52790 4528
52800 4528
52810 4528
52820 4528
52830 4529
52840 4529
52850 4529
52860 4529
52870 4529
52880 4529
52890 4529
52900 4529
52910 4529
52920 4530
52930 4530
52940 4531
52950 4531
52960 4531
52970 4531
52980 4531
52990 4532
53000 4532
53010 4532
53020 4532
53030 4532
53040 4532
53050 4532
53060 4532
53070 4532
53080 4532
53090 4532
53100 4532
53110 4532
53120 4532
53130 4532
53140 4532
53150 4533
53160 4533
53170 4533
53180 4533
53190 4534
53200 4534
53210 4534
53220 4534
53230 4534
53240 4534
53250 4534
53260 4534
53270 4534
53280 4534
53290 4534
53300 4534
53310 4535
53320 4535
53330 4535
53340 4535
53350 4536
53360 4536
53370 4536
53380 4536
53390 4536
53400 4537
53410 4537
53420 4537
53430 4537
53440 4539
53450 4539
53460 4539
53470 4539
53480 4539
53490 4539
53500 4539
53510 4539
53520 4539
53530 4539
53540 4539
53550 4540
53560 4540
53570 4540
53580 4540
53590 4540
53600 4543
53610 4543
53620 4544
53630 4544
53640 4546
53650 4546
53660 4547
53670 4547
53680 4547
53690 4548
53700 4549
53710 4550
53720 4551
53730 4551
53740 4551
53750 4551
53760 4551
53770 4551
53780 4551
53790 4551
53800 4551
53810 4551
53820 4551
53830 4551
53840 4551
53850 4551
53860 4551
53870 4551
53880 4552
53890 4553
53900 4553
53910 4553
53920 4553
53930 4553
53940 4553
53950 4553
53960 4553
53970 4555
53980 4555
53990 4555
54000 4555
54010 4555
54020 4555
54030 4556
54040 4557
54050 4557
54060 4557
54070 4557
54080 4558
54090 4558
54100 4559
54110 4560
54120 4560
54130 4560
54140 4561
54150 4561
54160 4561
54170 4561
54180 4561
54190 4561
54200 4562
54210 4565
54220 4565
54230 4566
54240 4566
54250 4566
54260 4567
54270 4567
54280 4567
54290 4567
54300 4568
54310 4568
54320 4570
54330 4570
54340 4570
54350 4570
54360 4571
54370 4571
54380 4571
54390 4571
54400 4572
54410 4572
54420 4572
54430 4572
54440 4573
54450 4576
54460 4576
54470 4577
54480 4578
54490 4578
54500 4578
54510 4578
54520 4578
54530 4578
54540 4578
54550 4578
54560 4578
54570 4580
54580 4580
54590 4580
54600 4580
54610 4580
54620 4581
54630 4581
54640 4581
54650 4582
54660 4582
54670 4584
54680 4584
54690 4584
54700 4584
54710 4585
54720 4585
54730 4585
54740 4585
54750 4586
54760 4586
54770 4586
54780 4586
54790 4586
54800 4588
54810 4588
54820 4588
54830 4588
54840 4588
54850 4588
54860 4589
54870 4589
54880 4590
54890 4591
54900 4591
54910 4592
54920 4592
54930 4592
54940 4593
54950 4594
54960 4594
54970 4594
54980 4594
54990 4594
55000 4594
55010 4595
55020 4596
55030 4596
55040 4597
55050 4597
55060 4597
55070 4597
55080 4597
55090 4597
55100 4597
55110 4598
55120 4598
55130 4598
55140 4598
55150 4599
55160 4599
55170 4599
55180 4599
55190 4600
55200 4600
55210 4600
55220 4601
55230 4601
55240 4601
55250 4603
55260 4604
55270 4605
55280 4606
55290 4607
55300 4607
55310 4608
55320 4608
55330 4609
55340 4609
55350 4609
55360 4610
55370 4610
55380 4610
55390 4611
55400 4611
55410 4611
55420 4614
55430 4616
55440 4618
55450 4618
55460 4619
55470 4619
55480 4619
55490 4619
55500 4619
55510 4619
55520 4619
55530 4620
55540 4621
55550 4621
55560 4622
55570 4622
55580 4623
55590 4625
55600 4625
55610 4625
55620 4625
55630 4625
55640 4625
55650 4625
55660 4625
55670 4625
55680 4626
55690 4627
55700 4627
55710 4627
55720 4628
55730 4628
55740 4628
55750 4629
55760 4630
55770 4631
55780 4632
55790 4632
55800 4633
55810 4633
55820 4633
55830 4633
55840 4633
55850 4634
55860 4635
55870 4635
55880 4635
55890 4635
55900 4635
55910 4637
55920 4637
55930 4638
55940 4638
55950 4638
55960 4638
55970 4640
55980 4642
55990 4643
56000 4643
56010 4644
56020 4644
56030 4646
56040 4647
56050 4647
56060 4647
56070 4647
56080 4648
56090 4648
56100 4648
56110 4648
56120 4650
56130 4650
56140 4650
56150 4650
56160 4650
56170 4650
56180 4651
56190 4651
56200 4651
56210 4652
56220 4653
56230 4653
56240 4653
56250 4653
56260 4653
56270 4653
56280 4653
56290 4653
56300 4653
56310 4654
56320 4655
56330 4656
56340 4657
56350 4657
56360 4657
56370 4657
56380 4657
56390 4657
56400 4657
56410 4657
56420 4658
56430 4658
56440 4659
56450 4659
56460 4659
56470 4661
56480 4662
56490 4662
56500 4662
56510 4663
56520 4663
56530 4663
56540 4663
56550 4663
56560 4663
56570 4665
56580 4665
56590 4665
56600 4665
56610 4665
56620 4665
56630 4665
56640 4667
56650 4668
56660 4668
56670 4668
56680 4669
56690 4669
56700 4669
56710 4669
56720 4671
56730 4672
56740 4673
56750 4674
56760 4674
56770 4674
56780 4674
56790 4674
56800 4674
56810 4674
56820 4675
56830 4675
56840 4675
56850 4675
56860 4675
56870 4675
56880 4675
56890 4675
56900 4675
56910 4675
56920 4675
56930 4675
56940 4675
56950 4675
56960 4675
56970 4675
56980 4675
56990 4675
57000 4675
57010 4677
57020 4677
57030 4677
57040 4678
57050 4679
57060 4679
57070 4679
57080 4679
57090 4680
57100 4681
57110 4682
57120 4682
57130 4682
57140 4682
57150 4683
57160 4684
57170 4684
57180 4684
57190 4684
57200 4685
57210 4685
57220 4686
57230 4686
57240 4686
57250 4686
57260 4686
57270 4686
57280 4687
57290 4687
57300 4687
57310 4687
57320 4687
57330 4687
57340 4687
57350 4688
57360 4689
57370 4689
57380 4689
57390 4689
57400 4689
57410 4689
57420 4689
57430 4689
57440 4690
57450 4690
57460 4691
57470 4691
57480 4691
57490 4691
57500 4691
57510 4691
57520 4691
57530 4692
57540 4692
57550 4692
57560 4692
57570 4692
57580 4692
57590 4692
57600 4692
57610 4692
57620 4693
57630 4693
57640 4693
57650 4693
57660 4693
57670 4693
57680 4693
57690 4693
57700 4693
57710 4693
57720 4693
57730 4694
57740 4696
57750 4696
57760 4697
57770 4698
57780 4698
57790 4698
57800 4698
57810 4698
57820 4698
57830 4699
57840 4699
57850 4699
57860 4699
57870 4700
57880 4700
57890 4700
57900 4702
57910 4702
57920 4702
57930 4702
57940 4703
57950 4703
57960 4703
57970 4703
57980 4703
57990 4703
58000 4703
58010 4703
58020 4703
58030 4703
58040 4703
58050 4703
58060 4704
58070 4705
58080 4705
58090 4705
58100 4705
58110 4705
58120 4705
58130 4705
58140 4705
58150 4705
58160 4705
58170 4706
58180 4706
58190 4707
58200 4707
58210 4708
58220 4708
58230 4708
58240 4708
58250 4708
58260 4708
58270 4708
58280 4708
58290 4708
58300 4709
58310 4709
58320 4709
58330 4709
58340 4709
58350 4709
58360 4709
58370 4709
58380 4709
58390 4709
58400 4709
58410 4709
58420 4709
58430 4709
58440 4710
58450 4710
58460 4710
58470 4710
58480 4710
58490 4710
58500 4710
58510 4710
58520 4710
58530 4710
58540 4710
58550 4710
58560 4710
58570 4710
58580 4710
58590 4710
58600 4710
58610 4711
58620 4711
58630 4711
58640 4712
58650 4712
58660 4712
58670 4712
58680 4713
58690 4714
58700 4715
58710 4716
58720 4716
58730 4718
58740 4719
58750 4719
58760 4719
58770 4719
58780 4719
58790 4721
58800 4721
58810 4722
58820 4723
58830 4723
58840 4723
58850 4724
58860 4724
58870 4724
58880 4725
58890 4725
58900 4726
58910 4726
58920 4727
58930 4727
58940 4727
58950 4727
58960 4727
58970 4727
58980 4727
58990 4727
59000 4727
59010 4728
59020 4728
59030 4728
59040 4728
59050 4728
59060 4728
59070 4728
59080 4728
59090 4728
59100 4728
59110 4731
59120 4731
59130 4731
59140 4732
59150 4732
59160 4732
59170 4732
59180 4732
59190 4733
59200 4733
59210 4734
59220 4735
59230 4736
59240 4736
59250 4736
59260 4738
59270 4739
59280 4739
59290 4740
59300 4740
59310 4741
59320 4741
59330 4741
59340 4742
59350 4742
59360 4742
59370 4742
59380 4742
59390 4742
59400 4742
59410 4742
59420 4743
59430 4744
59440 4744
59450 4746
59460 4747
59470 4747
59480 4747
59490 4747
59500 4747
59510 4748
59520 4749
59530 4750
59540 4750
59550 4750
59560 4750
59570 4750
59580 4750
59590 4750
59600 4750
59610 4750
59620 4751
59630 4752
59640 4752
59650 4752
59660 4752
59670 4753
59680 4753
59690 4753
59700 4753
59710 4754
59720 4754
59730 4754
59740 4754
59750 4755
59760 4755
59770 4756
59780 4756
59790 4756
59800 4756
59810 4756
59820 4756
59830 4757
59840 4758
59850 4758
59860 4758
59870 4759
59880 4760
59890 4762
59900 4762
59910 4762
59920 4762
59930 4762
59940 4762
59950 4762
59960 4762
59970 4762
59980 4763
59990 4763
60000 4764
60010 4764
60020 4764
60030 4764
60040 4764
60050 4764
60060 4764
60070 4764
60080 4764
60090 4764
60100 4766
60110 4767
60120 4767
60130 4767
60140 4767
60150 4767
60160 4767
60170 4767
60180 4767
60190 4768
60200 4768
60210 4768
60220 4768
60230 4768
60240 4769
60250 4769
60260 4769
60270 4769
60280 4769
60290 4769
60300 4769
60310 4769
60320 4769
60330 4771
60340 4773
60350 4773
60360 4773
60370 4775
60380 4775
60390 4777
60400 4777
60410 4777
60420 4777
60430 4777
60440 4777
60450 4777
60460 4777
60470 4778
60480 4778
60490 4778
60500 4778
60510 4779
60520 4779
60530 4779
60540 4781
60550 4781
60560 4781
60570 4782
60580 4782
60590 4782
60600 4782
60610 4782
60620 4786
60630 4786
60640 4786
60650 4786
60660 4786
60670 4786
60680 4786
60690 4786
60700 4786
60710 4786
60720 4786
60730 4786
60740 4786
60750 4786
60760 4786
60770 4787
60780 4787
60790 4787
60800 4788
60810 4788
60820 4788
60830 4789
60840 4789
60850 4789
60860 4789
60870 4790
60880 4790
60890 4790
60900 4790
60910 4790
60920 4790
60930 4790
60940 4790
60950 4792
60960 4792
60970 4792
60980 4792
60990 4792
61000 4793
61010 4793
61020 4793
61030 4793
61040 4794
61050 4794
61060 4795
61070 4795
61080 4795
61090 4795
61100 4795
61110 4795
61120 4795
61130 4795
61140 4797
61150 4801
61160 4802
61170 4802
61180 4803
61190 4804
61200 4804
61210 4804
61220 4804
61230 4804
61240 4805
61250 4805
61260 4805
61270 4805
61280 4807
61290 4809
61300 4809
61310 4809
61320 4809
61330 4809
61340 4809
61350 4809
61360 4809
61370 4810
61380 4810
61390 4810
61400 4810
61410 4810
61420 4810
61430 4810
61440 4810
61450 4810
61460 4810
61470 4810
61480 4810
61490 4812
61500 4813
61510 4814
61520 4815
61530 4815
61540 4815
61550 4815
61560 4816
61570 4816
61580 4816
61590 4817
61600 4817
61610 4817
61620 4817
61630 4817
61640 4817
61650 4817
61660 4817
61670 4817
61680 4817
61690 4817
61700 4817
61710 4818
61720 4818
61730 4818
61740 4819
61750 4820
61760 4820
61770 4820
61780 4820
61790 4820
61800 4820
61810 4821
61820 4821
61830 4821
61840 4821
61850 4822
61860 4822
61870 4823
61880 4823
61890 4824
61900 4824
61910 4824
61920 4824
61930 4824
61940 4825
61950 4825
61960 4825
61970 4825
61980 4825
61990 4825
62000 4825
62010 4825
62020 4826
62030 4826
62040 4828
62050 4828
62060 4828
62070 4828
62080 4829
62090 4830
62100 4830
62110 4830
62120 4830
62130 4831
62140 4831
62150 4831
62160 4831
62170 4832
62180 4832
62190 4832
62200 4832
62210 4832
62220 4832
62230 4832
62240 4832
62250 4833
62260 4833
62270 4833
62280 4833
62290 4834
62300 4834
62310 4834
62320 4835
62330 4835
62340 4835
62350 4835
62360 4836
62370 4838
62380 4838
62390 4838
62400 4840
62410 4842
62420 4842
62430 4842
62440 4842
62450 4842
62460 4843
62470 4843
62480 4843
62490 4843
62500 4843
62510 4843
62520 4843
62530 4843
62540 4844
62550 4844
62560 4845
62570 4845
62580 4845
62590 4845
62600 4845
62610 4845
62620 4847
62630 4850
62640 4850
62650 4850
62660 4851
62670 4851
62680 4851
62690 4852
62700 4852
62710 4852
62720 4853
62730 4854
62740 4855
62750 4857
62760 4857
62770 4858
62780 4859
62790 4860
62800 4860
62810 4860
62820 4860
62830 4861
62840 4862
62850 4863
62860 4865
62870 4865
62880 4866
62890 4866
62900 4866
62910 4866
62920 4866
62930 4867
62940 4868
62950 4868
62960 4869
62970 4869
62980 4869
62990 4869
63000 4870
63010 4871
63020 4871
63030 4871
63040 4871
63050 4871
63060 4871
63070 4871
63080 4871
63090 4871
63100 4872
63110 4873
63120 4875
63130 4875
63140 4877
63150 4877
63160 4877
63170 4877
63180 4877
63190 4877
63200 4877
63210 4877
63220 4878
63230 4878
63240 4878
63250 4878
63260 4878
63270 4879
63280 4879
63290 4879
63300 4879
63310 4879
63320 4879
63330 4879
63340 4879
63350 4879
63360 4879
63370 4879
63380 4879
63390 4879
63400 4879
63410 4880
63420 4881
63430 4881
63440 4881
63450 4881
63460 4881
63470 4882
63480 4883
63490 4884
63500 4884
63510 4884
63520 4884
63530 4885
63540 4885
63550 4886
63560 4886
63570 4886
63580 4886
63590 4887
63600 4888
63610 4889
63620 4889
63630 4889
63640 4889
63650 4889
63660 4889
63670 4890
63680 4890
63690 4890
63700 4890
63710 4891
63720 4891
63730 4892
63740 4892
63750 4892
63760 4892
63770 4892
63780 4892
63790 4892
63800 4892
63810 4894
63820 4894
63830 4894
63840 4894
63850 4894
63860 4894
63870 4894
63880 4894
63890 4894
63900 4894
63910 4894
63920 4894
63930 4894
63940 4895
63950 4895
63960 4895
63970 4895
63980 4895
63990 4896
64000 4896
64010 4896
64020 4897
64030 4897
64040 4897
64050 4897
64060 4897
64070 4897
64080 4897
64090 4897
64100 4898
64110 4898
64120 4899
64130 4899
64140 4899
64150 4899
64160 4899
64170 4899
64180 4899
64190 4899
64200 4900
64210 4900
64220 4900
64230 4900
64240 4900
64250 4900
64260 4900
64270 4900
64280 4900
64290 4900
64300 4900
64310 4900
64320 4901
64330 4901
64340 4901
64350 4901
64360 4901
64370 4901
64380 4901
64390 4901
64400 4901
64410 4901
64420 4901
64430 4901
64440 4901
64450 4901
64460 4901
64470 4901
64480 4901
64490 4901
64500 4901
64510 4901
64520 4901
64530 4901
64540 4903
64550 4905
64560 4905
64570 4905
64580 4905
64590 4906
64600 4906
64610 4906
64620 4907
64630 4907
64640 4907
64650 4909
64660 4909
64670 4909
64680 4909
64690 4909
64700 4909
64710 4909
64720 4910
64730 4910
64740 4910
64750 4910
64760 4910
64770 4911
64780 4911
64790 4911
64800 4911
64810 4911
64820 4911
64830 4911
64840 4912
64850 4912
64860 4913
64870 4914
64880 4914
64890 4914
64900 4915
64910 4915
64920 4916
64930 4916
64940 4916
64950 4917
64960 4917
64970 4917
64980 4917
64990 4919
65000 4920
65010 4920
65020 4920
65030 4921
65040 4921
65050 4921
65060 4922
65070 4922
65080 4922
65090 4925
65100 4925
65110 4925
65120 4925
65130 4925
65140 4925
65150 4926
65160 4926
65170 4926
65180 4926
65190 4927
65200 4927
65210 4927
65220 4927
65230 4927
65240 4927
65250 4927
65260 4927
65270 4927
65280 4927
65290 4927
65300 4927
65310 4927
65320 4927
65330 4927
65340 4927
65350 4927
65360 4928
65370 4928
65380 4929
65390 4929
65400 4929
65410 4930
65420 4930
65430 4930
65440 4930
65450 4930
65460 4932
65470 4932
65480 4932
65490 4932
65500 4932
65510 4932
65520 4932
65530 4932
65540 4932
65550 4933
65560 4933
65570 4933
65580 4933
65590 4933
65600 4933
65610 4933
65620 4933
65630 4933
65640 4933
65650 4935
65660 4936
65670 4936
65680 4938
65690 4938
65700 4938
65710 4939
65720 4939
65730 4939
65740 4939
65750 4939
65760 4939
65770 4939
65780 4939
65790 4939
65800 4939
65810 4941
65820 4941
65830 4941
65840 4941
65850 4941
65860 4941
65870 4941
65880 4941
65890 4941
65900 4941
65910 4941
65920 4941
65930 4941
65940 4941
65950 4941
65960 4941
65970 4942
65980 4942
65990 4942
66000 4942
66010 4943
66020 4943
66030 4943
66040 4943
66050 4944
66060 4944
66070 4944
66080 4944
66090 4944
66100 4944
66110 4944
66120 4944
66130 4944
66140 4944
66150 4944
66160 4944
66170 4944
66180 4944
66190 4945
66200 4945
66210 4945
66220 4945
66230 4945
66240 4945
66250 4945
66260 4945
66270 4945
66280 4945
66290 4945
66300 4945
66310 4945
66320 4945
66330 4946
66340 4946
66350 4946
66360 4946
66370 4947
66380 4948
66390 4949
66400 4949
66410 4949
66420 4949
66430 4950
66440 4951
66450 4952
66460 4952
66470 4953
66480 4954
66490 4954
66500 4954
66510 4954
66520 4954
66530 4954
66540 4954
66550 4954
66560 4954
66570 4954
66580 4954
66590 4954
66600 4954
66610 4954
66620 4954
66630 4954
66640 4954
66650 4954
66660 4954
66670 4954
66680 4954
66690 4954
66700 4954
66710 4954
66720 4954
66730 4954
66740 4955
66750 4955
66760 4955
66770 4956
66780 4956
66790 4956
66800 4959
66810 4959
66820 4959
66830 4959
66840 4960
66850 4960
66860 4960
66870 4962
66880 4962
66890 4967
66900 4968
66910 4968
66920 4968
66930 4968
66940 4968
66950 4968
66960 4968
66970 4970
66980 4970
66990 4970
67000 4970
67010 4970
67020 4970
67030 4970
67040 4970
67050 4971
67060 4971
67070 4971
67080 4971
67090 4971
67100 4971
67110 4971
67120 4971
67130 4971
67140 4971
67150 4971
67160 4972
67170 4972
67180 4972
67190 4972
67200 4972
67210 4972
67220 4972
67230 4972
67240 4972
67250 4973
67260 4974
67270 4974
67280 4974
67290 4974
67300 4974
67310 4975
67320 4976
67330 4976
67340 4976
67350 4976
67360 4976
67370 4976
67380 4976
67390 4977
67400 4977
67410 4977
67420 4977
67430 4978
67440 4979
67450 4979
67460 4980
67470 4980
67480 4980
67490 4980
67500 4980
67510 4980
67520 4980
67530 4981
67540 4983
67550 4983
67560 4983
67570 4983
67580 4983
67590 4983
67600 4984
67610 4984
67620 4984
67630 4984
67640 4984
67650 4984
67660 4984
67670 4985
67680 4986
67690 4986
67700 4986
67710 4988
67720 4989
67730 4991
67740 4992
67750 4995
67760 4996
67770 5002
67780 5005
67790 5007
67800 5007
67810 5007
67820 5008
67830 5010
67840 5013
67850 5015
67860 5016
67870 5017
67880 5018
67890 5018
67900 5018
67910 5018
67920 5020
67930 5022
67940 5024
67950 5025
67960 5028
67970 5032
67980 5034
67990 5034
68000 5034
68010 5034
68020 5035
68030 5035
68040 5035
68050 5035
68060 5035
68070 5035
68080 5035
68090 5035
68100 5036
68110 5036
68120 5036
68130 5036
68140 5037
68150 5037
68160 5037
68170 5037
68180 5037
68190 5038
68200 5039
68210 5039
68220 5039
68230 5039
68240 5039
68250 5039
68260 5039
68270 5040
68280 5040
68290 5041
68300 5041
68310 5042
68320 5042
68330 5042
68340 5042
68350 5043
68360 5043
68370 5043
68380 5044
68390 5044
68400 5044
68410 5044
68420 5044
68430 5044
68440 5044
68450 5044
68460 5044
68470 5045
68480 5046
68490 5046
68500 5046
68510 5047
68520 5047
68530 5047
68540 5047
68550 5047
68560 5051
68570 5051
68580 5051
68590 5051
68600 5053
68610 5056
68620 5056
68630 5057
68640 5057
68650 5057
68660 5058
68670 5058
68680 5059
68690 5059
68700 5060
68710 5061
68720 5062
68730 5062
68740 5062
68750 5062
68760 5064
68770 5065
68780 5068
68790 5069
68800 5069
68810 5070
68820 5070
68830 5070
68840 5072
68850 5072
68860 5072
68870 5072
68880 5072
68890 5072
68900 5072
68910 5072
68920 5072
68930 5072
68940 5073
68950 5074
68960 5074
68970 5074
68980 5074
68990 5074
69000 5074
69010 5074
69020 5074
69030 5074
69040 5074
69050 5074
69060 5074
69070 5074
69080 5074
69090 5074
69100 5075
69110 5075
69120 5075
69130 5075
69140 5076
69150 5076
69160 5076
69170 5077
69180 5077
69190 5078
69200 5078
69210 5078
69220 5078
69230 5078
69240 5078
69250 5079
69260 5080
69270 5080
69280 5081
69290 5082
69300 5082
69310 5082
69320 5083
69330 5084
69340 5084
69350 5084
69360 5084
69370 5084
69380 5084
69390 5084
69400 5084
69410 5085
69420 5085
69430 5085
69440 5086
69450 5087
69460 5089
69470 5089
69480 5089
69490 5090
69500 5092
69510 5092
69520 5093
69530 5094
69540 5094
69550 5095
69560 5095
69570 5095
69580 5095
69590 5095
69600 5095
69610 5096
69620 5096
69630 5096
69640 5096
69650 5097
69660 5097
69670 5098
69680 5098
69690 5098
69700 5098
69710 5099
69720 5100
69730 5101
69740 5102
69750 5102
69760 5103
69770 5103
69780 5103
69790 5104
69800 5104
69810 5104
69820 5105
69830 5106
69840 5106
69850 5106
69860 5106
69870 5106
69880 5106
69890 5106
69900 5108
69910 5108
69920 5108
69930 5108
69940 5109
69950 5110
69960 5110
69970 5110
69980 5110
69990 5111
70000 5112
70010 5112
70020 5112
70030 5112
70040 5112
70050 5112
70060 5113
70070 5113
70080 5113
70090 5114
70100 5114
70110 5114
70120 5114
70130 5114
70140 5114
70150 5114
70160 5114
70170 5114
70180 5114
70190 5114
70200 5114
70210 5115
70220 5115
70230 5116
70240 5117
70250 5117
70260 5117
70270 5117
70280 5117
70290 5117
70300 5118
70310 5119
70320 5119
70330 5120
70340 5120
70350 5121
70360 5121
70370 5121
70380 5121
70390 5121
70400 5122
70410 5122
70420 5123
70430 5125
70440 5125
70450 5125
70460 5125
70470 5125
70480 5125
70490 5125
70500 5125
70510 5125
70520 5126
70530 5126
70540 5126
70550 5126
70560 5128
70570 5128
70580 5128
70590 5128
70600 5129
70610 5130
70620 5131
70630 5131
70640 5133
70650 5134
70660 5134
70670 5134
70680 5134
70690 5134
70700 5134
70710 5134
70720 5134
70730 5136
70740 5137
70750 5137
70760 5137
70770 5137
70780 5137
70790 5137
70800 5138
70810 5138
70820 5138
70830 5138
70840 5139
70850 5142
70860 5142
70870 5143
70880 5145
70890 5145
70900 5145
70910 5145
70920 5146
70930 5148
70940 5148
70950 5148
70960 5148
70970 5148
70980 5148
70990 5148
71000 5148
71010 5148
71020 5150
71030 5151
71040 5151
71050 5151
71060 5151
71070 5151
71080 5151
71090 5152
71100 5152
71110 5153
71120 5153
71130 5153
71140 5153
71150 5153
71160 5153
71170 5153
71180 5153
71190 5153
71200 5153
71210 5154
71220 5154
71230 5155
71240 5156
71250 5156
71260 5156
71270 5156
71280 5156
71290 5156
71300 5156
71310 5156
71320 5157
71330 5158
71340 5160
71350 5161
71360 5163
71370 5163
71380 5163
71390 5163
71400 5163
71410 5166
71420 5168
71430 5168
71440 5168
71450 5170
71460 5170
71470 5170
71480 5171
71490 5171
71500 5171
71510 5171
71520 5171
71530 5171
71540 5171
71550 5172
71560 5173
71570 5173
71580 5173
71590 5173
71600 5173
71610 5173
71620 5173
71630 5173
71640 5173
71650 5173
71660 5174
71670 5175
71680 5175
71690 5175
71700 5175
71710 5175
71720 5175
71730 5175
71740 5175
71750 5175
71760 5175
71770 5175
71780 5175
71790 5176
71800 5176
71810 5176
71820 5176
71830 5176
71840 5177
71850 5177
71860 5177
71870 5177
71880 5177
71890 5177
71900 5178
71910 5178
71920 5178
71930 5179
71940 5179
71950 5179
71960 5179
71970 5179
71980 5179
71990 5180
72000 5180
72010 5180
72020 5180
72030 5181
72040 5181
72050 5181
72060 5181
72070 5181
72080 5182
72090 5182
72100 5183
72110 5183
72120 5184
72130 5184
72140 5184
72150 5186
72160 5186
72170 5186
72180 5186
72190 5187
72200 5187
72210 5187
72220 5187
72230 5187
72240 5187
72250 5187
72260 5187
72270 5187
72280 5187
72290 5187
72300 5187
72310 5187
72320 5188
72330 5188
72340 5188
72350 5189
72360 5189
72370 5189
72380 5189
72390 5189
72400 5189
72410 5189
72420 5189
72430 5190
72440 5190
72450 5190
72460 5190
72470 5191
72480 5191
72490 5191
72500 5193
72510 5194
72520 5194
72530 5194
72540 5195
72550 5195
72560 5195
72570 5196
72580 5196
72590 5196
72600 5196
72610 5196
72620 5197
72630 5197
72640 5197
72650 5197
72660 5197
72670 5197
72680 5197
72690 5197
72700 5197
72710 5197
72720 5197
72730 5197
72740 5197
72750 5197
72760 5197
72770 5199
72780 5199
72790 5199
72800 5200
72810 5200
72820 5200
72830 5200
72840 5200
72850 5200
72860 5200
72870 5200
72880 5200
72890 5200
72900 5200
72910 5200
72920 5200
72930 5201
72940 5201
72950 5202
72960 5203
72970 5203
72980 5203
72990 5203
73000 5203
73010 5203
73020 5203
73030 5203
73040 5204
73050 5206
73060 5206
73070 5206
73080 5206
73090 5207
73100 5207
73110 5207
73120 5207
73130 5207
73140 5207
73150 5208
73160 5209
73170 5209
73180 5209
73190 5209
73200 5210
73210 5211
73220 5212
73230 5212
73240 5212
73250 5212
73260 5215
73270 5215
73280 5215
73290 5215
73300 5216
73310 5216
73320 5216
73330 5217
73340 5218
73350 5219
73360 5219
73370 5219
73380 5220
73390 5220
73400 5220
73410 5220
73420 5221
73430 5222
73440 5222
73450 5223
73460 5223
73470 5225
73480 5225
73490 5225
73500 5225
73510 5225
73520 5225
73530 5225
73540 5225
73550 5225
73560 5225
73570 5225
73580 5225
73590 5225
73600 5225
73610 5226
73620 5226
73630 5228
73640 5229
73650 5229
73660 5229
73670 5229
73680 5229
73690 5229
73700 5229
73710 5229
73720 5229
73730 5229
73740 5230
73750 5230
73760 5230
73770 5230
73780 5230
73790 5230
73800 5231
73810 5231
73820 5231
73830 5232
73840 5232
73850 5233
73860 5233
73870 5233
73880 5233
73890 5233
73900 5233
73910 5234
73920 5235
73930 5236
73940 5236
73950 5236
73960 5237
73970 5237
73980 5237
73990 5237
74000 5238
74010 5239
74020 5240
74030 5241
74040 5243
74050 5244
74060 5245
74070 5245
74080 5245
74090 5245
74100 5245
74110 5246
74120 5246
74130 5247
74140 5247
74150 5247
74160 5248
74170 5248
74180 5249
74190 5251
74200 5251
74210 5251
74220 5251
74230 5253
74240 5255
74250 5255
74260 5255
74270 5255
74280 5255
74290 5255
74300 5256
74310 5257
74320 5257
74330 5257
74340 5257
74350 5257
74360 5257
74370 5257
74380 5257
74390 5257
74400 5257
74410 5257
74420 5258
74430 5258
74440 5258
74450 5258
74460 5259
74470 5259
74480 5259
74490 5260
74500 5260
74510 5261
74520 5261
74530 5261
74540 5261
74550 5264
74560 5264
74570 5264
74580 5264
74590 5264
74600 5264
74610 5264
74620 5266
74630 5266
74640 5267
74650 5267
74660 5267
74670 5268
74680 5268
74690 5268
74700 5268
74710 5270
74720 5270
74730 5270
74740 5270
74750 5270
74760 5271
74770 5271
74780 5271
74790 5271
74800 5271
74810 5271
74820 5271
74830 5271
74840 5271
74850 5272
74860 5272
74870 5272
74880 5273
74890 5273
74900 5273
74910 5274
74920 5274
74930 5276
74940 5276
74950 5276
74960 5276
74970 5276
74980 5276
74990 5276
75000 5277
75010 5277
75020 5277
75030 5277
75040 5277
75050 5277
75060 5277
75070 5278
75080 5279
75090 5279
75100 5279
75110 5279
75120 5279
75130 5279
75140 5279
75150 5279
75160 5279
75170 5280
75180 5280
75190 5281
75200 5282
75210 5282
75220 5282
75230 5282
75240 5282
75250 5282
75260 5282
75270 5282
75280 5283
75290 5284
75300 5284
75310 5284
75320 5284
75330 5284
75340 5284
75350 5284
75360 5285
75370 5285
75380 5285
75390 5285
75400 5285
75410 5286
75420 5286
75430 5286
75440 5286
75450 5287
75460 5287
75470 5288
75480 5288
75490 5288
75500 5288
75510 5288
75520 5288
75530 5289
75540 5289
75550 5289
75560 5289
75570 5289
75580 5289
75590 5290
75600 5290
75610 5290
75620 5291
75630 5291
75640 5291
75650 5293
75660 5293
75670 5293
75680 5294
75690 5294
75700 5294
75710 5294
75720 5294
75730 5294
75740 5295
75750 5295
75760 5295
75770 5295
75780 5296
75790 5297
75800 5297
75810 5297
75820 5297
75830 5298
75840 5298
75850 5298
75860 5298
75870 5298
75880 5298
75890 5298
75900 5298
75910 5298
75920 5299
75930 5299
75940 5299
75950 5299
75960 5299
75970 5300
75980 5301
75990 5301
76000 5302
76010 5302
76020 5302
76030 5302
76040 5302
76050 5302
76060 5303
76070 5303
76080 5303
76090 5303
76100 5303
76110 5303
76120 5303
76130 5303
76140 5304
76150 5305
76160 5305
76170 5305
76180 5307
76190 5307
76200 5307
76210 5307
76220 5308
76230 5308
76240 5308
76250 5308
76260 5308
76270 5308
76280 5308
76290 5308
76300 5308
76310 5308
76320 5308
76330 5308
76340 5308
76350 5308
76360 5308
76370 5309
76380 5310
76390 5310
76400 5310
76410 5310
76420 5310
76430 5310
76440 5310
76450 5310
76460 5310
76470 5310
76480 5310
76490 5310
76500 5310
76510 5311
76520 5313
76530 5315
76540 5315
76550 5315
76560 5315
76570 5315
76580 5315
76590 5315
76600 5315
76610 5315
76620 5316
76630 5316
76640 5316
76650 5316
76660 5316
76670 5316
76680 5316
76690 5316
76700 5316
76710 5317
76720 5317
76730 5317
76740 5317
76750 5317
76760 5318
76770 5318
76780 5318
76790 5319
76800 5319
76810 5319
76820 5320
76830 5321
76840 5321
76850 5322
76860 5322
76870 5323
76880 5323
76890 5324
76900 5324
76910 5324
76920 5325
76930 5325
76940 5325
76950 5325
76960 5326
76970 5327
76980 5327
76990 5327
77000 5327
77010 5327
77020 5327
77030 5327
77040 5327
77050 5327
77060 5327
77070 5327
77080 5327
77090 5327
77100 5328
77110 5328
77120 5328
77130 5328
77140 5328
77150 5329
77160 5329
77170 5330
77180 5330
77190 5330
77200 5330
77210 5330
77220 5332
77230 5333
77240 5333
77250 5334
77260 5335
77270 5335
77280 5335
77290 5335
77300 5335
77310 5337
77320 5337
77330 5337
77340 5339
77350 5339
77360 5340
77370 5340
77380 5340
77390 5340
77400 5340
77410 5340
77420 5341
77430 5341
77440 5342
77450 5343
77460 5343
77470 5343
77480 5343
77490 5343
77500 5344
77510 5344
77520 5345
77530 5346
77540 5347
77550 5348
77560 5348
77570 5349
77580 5350
77590 5353
77600 5354
77610 5355
77620 5355
77630 5355
77640 5356
77650 5357
77660 5358
77670 5358
77680 5358
77690 5358
77700 5359
77710 5359
77720 5359
77730 5360
77740 5360
77750 5360
77760 5360
77770 5360
77780 5360
77790 5360
77800 5360
77810 5360
77820 5360
77830 5360
77840 5360
77850 5360
77860 5361
77870 5362
77880 5363
77890 5363
77900 5364
77910 5365
77920 5365
77930 5366
77940 5367
77950 5368
77960 5369
77970 5369
77980 5369
77990 5370
78000 5370
78010 5372
78020 5372
78030 5372
78040 5372
78050 5372
78060 5372
78070 5373
78080 5373
78090 5373
78100 5373
78110 5373
78120 5373
78130 5375
78140 5375
78150 5375
78160 5375
78170 5375
78180 5375
78190 5376
78200 5377
78210 5377
78220 5377
78230 5377
78240 5377
78250 5378
78260 5378
78270 5378
78280 5378
78290 5378
78300 5378
78310 5378
78320 5378
78330 5378
78340 5379
78350 5379
78360 5379
78370 5379
78380 5379
78390 5379
78400 5380
78410 5381
78420 5382
78430 5382
78440 5382
78450 5382
78460 5382
78470 5383
78480 5383
78490 5384
78500 5385
78510 5385
78520 5386
78530 5386
78540 5386
78550 5386
78560 5386
78570 5387
78580 5388
78590 5388
78600 5388
78610 5388
78620 5388
78630 5388
78640 5389
78650 5389
78660 5391
78670 5392
78680 5393
78690 5393
78700 5395
78710 5396
78720 5396
78730 5396
78740 5396
78750 5397
78760 5397
78770 5398
78780 5399
78790 5399
78800 5399
78810 5399
78820 5400
78830 5400
78840 5400
78850 5400
78860 5402
78870 5402
78880 5403
78890 5404
78900 5404
78910 5404
78920 5404
78930 5404
78940 5405
78950 5406
78960 5406
78970 5406
78980 5407
78990 5407
79000 5408
79010 5408
79020 5409
79030 5409
79040 5409
79050 5410
79060 5410
79070 5410
79080 5410
79090 5410
79100 5410
79110 5410
79120 5410
79130 5410
79140 5411
79150 5411
79160 5412
79170 5412
79180 5413
79190 5414
79200 5415
79210 5415
79220 5415
79230 5415
79240 5415
79250 5416
79260 5417
79270 5418
79280 5419
79290 5419
79300 5419
79310 5419
79320 5420
79330 5422
79340 5422
79350 5423
79360 5424
79370 5424
79380 5424
79390 5424
79400 5425
79410 5425
79420 5425
79430 5425
79440 5425
79450 5426
79460 5428
79470 5428
79480 5428
79490 5429
79500 5429
79510 5429
79520 5430
79530 5430
79540 5430
79550 5431
79560 5433
79570 5434
79580 5434
79590 5435
79600 5436
79610 5436
79620 5436
79630 5436
79640 5437
79650 5437
79660 5439
79670 5440
79680 5440
79690 5440
79700 5440
79710 5440
79720 5441
79730 5441
79740 5441
79750 5441
79760 5443
79770 5444
79780 5444
79790 5444
79800 5444
79810 5444
79820 5444
79830 5444
79840 5444
79850 5444
79860 5445
79870 5445
79880 5446
79890 5446
79900 5446
79910 5447
79920 5447
79930 5447
79940 5447
79950 5447
79960 5447
79970 5447
79980 5447
79990 5447
80000 5447
80010 5447
80020 5447
80030 5447
80040 5448
80050 5449
80060 5449
80070 5449
80080 5449
80090 5449
80100 5449
80110 5449
80120 5450
80130 5451
80140 5451
80150 5451
80160 5452
80170 5453
80180 5453
80190 5453
80200 5454
80210 5454
80220 5454
80230 5454
80240 5455
80250 5456
80260 5456
80270 5456
80280 5457
80290 5457
80300 5458
80310 5458
80320 5458
80330 5458
80340 5459
80350 5459
80360 5460
80370 5461
80380 5461
80390 5462
80400 5462
80410 5462
80420 5462
80430 5463
80440 5463
80450 5464
80460 5464
80470 5464
80480 5464
80490 5465
80500 5465
80510 5467
80520 5467
80530 5468
80540 5468
80550 5468
80560 5468
80570 5469
80580 5469
80590 5469
80600 5469
80610 5470
80620 5470
80630 5470
80640 5471
80650 5472
80660 5472
80670 5474
80680 5474
80690 5474
80700 5474
80710 5474
80720 5475
80730 5475
80740 5475
80750 5476
80760 5477
80770 5477
80780 5477
80790 5477
80800 5477
80810 5477
80820 5477
80830 5477
80840 5477
80850 5479
80860 5479
80870 5479
80880 5479
80890 5479
80900 5479
80910 5479
80920 5479
80930 5479
80940 5479
80950 5479
80960 5479
80970 5479
80980 5479
80990 5479
81000 5479
81010 5479
81020 5479
81030 5480
81040 5480
81050 5481
81060 5482
81070 5482
81080 5482
81090 5482
81100 5482
81110 5482
81120 5484
81130 5485
81140 5485
81150 5485
81160 5485
81170 5485
81180 5485
81190 5486
81200 5486
81210 5487
81220 5487
81230 5487
81240 5487
81250 5487
81260 5487
81270 5487
81280 5487
81290 5487
81300 5487
81310 5487
81320 5487
81330 5488
81340 5488
81350 5488
81360 5489
81370 5491
81380 5491
81390 5491
81400 5491
81410 5491
81420 5491
81430 5491
81440 5491
81450 5491
81460 5492
81470 5492
81480 5492
81490 5492
81500 5492
81510 5492
81520 5493
81530 5494
81540 5495
81550 5495
81560 5495
81570 5495
81580 5495
81590 5495
81600 5495
81610 5495
81620 5495
81630 5495
81640 5495
81650 5496
81660 5496
81670 5497
81680 5497
81690 5497
81700 5497
81710 5497
81720 5497
81730 5497
81740 5500
81750 5500
81760 5500
81770 5500
81780 5500
81790 5501
81800 5501
81810 5501
81820 5502
81830 5502
81840 5503
81850 5503
81860 5505
81870 5505
81880 5505
81890 5505
81900 5505
81910 5506
81920 5506
81930 5506
81940 5506
81950 5506
81960 5506
81970 5506
81980 5506
81990 5507
82000 5507
82010 5507
82020 5507
82030 5507
82040 5507
82050 5507
82060 5507
82070 5507
82080 5507
82090 5507
82100 5507
82110 5508
82120 5509
82130 5509
82140 5509
82150 5509
82160 5510
82170 5511
82180 5511
82190 5511
82200 5511
82210 5513
82220 5513
82230 5513
82240 5513
82250 5513
82260 5513
82270 5513
82280 5513
82290 5513
82300 5513
82310 5513
82320 5513
82330 5513
82340 5514
82350 5514
82360 5514
82370 5514
82380 5514
82390 5514
82400 5514
82410 5514
82420 5514
82430 5515
82440 5515
82450 5515
82460 5515
82470 5515
82480 5515
82490 5515
82500 5516
82510 5516
82520 5516
82530 5516
82540 5516
82550 5516
82560 5516
82570 5516
82580 5516
82590 5516
82600 5516
82610 5516
82620 5516
82630 5516
82640 5518
82650 5519
82660 5520
82670 5521
82680 5522
82690 5522
82700 5522
82710 5523
82720 5523
82730 5523
82740 5525
82750 5525
82760 5526
82770 5526
82780 5527
82790 5528
82800 5528
82810 5528
82820 5528
82830 5529
82840 5529
82850 5529
82860 5529
82870 5529
82880 5529
82890 5529
82900 5529
82910 5529
82920 5529
82930 5529
82940 5529
82950 5529
82960 5529
82970 5530
82980 5530
82990 5531
83000 5531
83010 5531
83020 5531
83030 5531
83040 5531
83050 5531
83060 5532
83070 5532
83080 5534
83090 5534
83100 5534
83110 5534
83120 5534
83130 5534
83140 5534
83150 5534
83160 5534
83170 5535
83180 5535
83190 5536
83200 5536
83210 5536
83220 5537
83230 5537
83240 5537
83250 5537
83260 5537
83270 5537
83280 5537
83290 5537
83300 5538
83310 5538
83320 5539
83330 5540
83340 5540
83350 5540
83360 5540
83370 5540
83380 5541
83390 5541
83400 5541
83410 5541
83420 5542
83430 5543
83440 5543
83450 5544
83460 5544
83470 5545
83480 5545
83490 5545
83500 5545
83510 5546
83520 5546
83530 5546
83540 5546
83550 5546
83560 5546
83570 5546
83580 5547
83590 5547
83600 5547
83610 5547
83620 5547
83630 5548
83640 5548
83650 5548
83660 5548
83670 5549
83680 5549
83690 5549
83700 5549
83710 5551
83720 5551
83730 5551
83740 5552
83750 5552
83760 5552
83770 5552
83780 5552
83790 5552
83800 5552
83810 5552
83820 5553
83830 5553
83840 5553
83850 5553
83860 5555
83870 5556
83880 5557
83890 5557
83900 5559
83910 5559
83920 5559
83930 5559
83940 5559
83950 5559
83960 5559
83970 5559
83980 5559
83990 5559
84000 5560
84010 5561
84020 5561
84030 5561
84040 5562
84050 5562
84060 5562
84070 5562
84080 5562
84090 5562
84100 5562
84110 5563
84120 5563
84130 5563
84140 5563
84150 5563
84160 5563
84170 5563
84180 5563
84190 5563
84200 5564
84210 5565
84220 5565
84230 5565
84240 5566
84250 5566
84260 5566
84270 5566
84280 5567
84290 5568
84300 5568
84310 5568
84320 5568
84330 5569
84340 5569
84350 5569
84360 5569
84370 5569
84380 5569
84390 5569
84400 5569
84410 5570
84420 5570
84430 5570
84440 5571
84450 5571
84460 5571
84470 5571
84480 5571
84490 5571
84500 5572
84510 5573
84520 5573
84530 5574
84540 5574
84550 5574
84560 5575
84570 5575
84580 5575
84590 5575
84600 5575
84610 5576
84620 5576
84630 5576
84640 5576
84650 5576
84660 5576
84670 5577
84680 5577
84690 5577
84700 5577
84710 5577
84720 5577
84730 5577
84740 5577
84750 5579
84760 5579
84770 5579
84780 5579
84790 5580
84800 5583
84810 5583
84820 5583
84830 5584
84840 5584
84850 5586
84860 5587
84870 5587
84880 5588
84890 5589
84900 5589
84910 5590
84920 5590
84930 5590
84940 5591
84950 5591
84960 5591
84970 5591
84980 5591
84990 5591
85000 5592
85010 5592
85020 5592
85030 5592
85040 5592
85050 5592
85060 5592
85070 5592
85080 5593
85090 5593
85100 5593
85110 5594
85120 5595
85130 5595
85140 5595
85150 5596
85160 5596
85170 5597
85180 5597
85190 5598
85200 5598
85210 5598
85220 5598
85230 5598
85240 5598
85250 5598
85260 5598
85270 5598
85280 5598
85290 5598
85300 5598
85310 5599
85320 5599
85330 5599
85340 5600
85350 5600
85360 5601
85370 5601
85380 5602
85390 5604
85400 5605
85410 5606
85420 5606
85430 5606
85440 5606
85450 5608
85460 5608
85470 5608
85480 5609
85490 5610
85500 5611
85510 5611
85520 5611
85530 5611
85540 5611
85550 5611
85560 5611
85570 5611
85580 5611
85590 5611
85600 5611
85610 5612
85620 5612
85630 5614
85640 5614
85650 5614
85660 5614
85670 5614
85680 5614
85690 5614
85700 5615
85710 5615
85720 5616
85730 5616
85740 5616
85750 5616
85760 5616
85770 5616
85780 5616
85790 5616
85800 5618
85810 5618
85820 5618
85830 5618
85840 5618
85850 5618
85860 5619
85870 5619
85880 5619
85890 5619
85900 5620
85910 5620
85920 5620
85930 5620
85940 5621
85950 5621
85960 5621
85970 5621
85980 5623
85990 5624
86000 5624
86010 5624
86020 5624
86030 5624
86040 5624
86050 5625
86060 5626
86070 5626
86080 5626
86090 5626
86100 5627
86110 5627
86120 5627
86130 5627
86140 5627
86142 5627
